% Cheng 2026
% ev n k		
1.240008201	0.94528	7.69295
1.250009578	0.97093	7.63287
1.260007114	0.99637	7.57296
1.270009731	1.02147	7.51368
1.280000619	1.04652	7.45468
1.290002289	1.0715	7.39616
1.300011534	1.09684	7.33792
1.3100112	1.12312	7.27925
1.320011285	1.15085	7.22077
1.33000826	1.18042	7.16271
1.339998487	1.21266	7.10504
1.350007622	1.24832	7.04828
1.360003291	1.28752	6.99369
1.370011823	1.33076	6.9419
1.379999777	1.37779	6.89437
1.390009754	1.42868	6.8518
1.400007904	1.48243	6.81583
1.410006596	1.53824	6.78728
1.420002749	1.59457	6.76703
1.430009688	1.64985	6.75544
1.44000813	1.70258	6.75239
1.450011695	1.75087	6.75748
1.460000471	1.79304	6.76979
1.47000581	1.82839	6.78793
1.480007878	1.85601	6.81056
1.490003725	1.87539	6.83616
1.500008469	1.88656	6.86302
1.51000134	1.88979	6.88965
1.519997793	1.88587	6.91538
1.530014191	1.87531	6.93857
1.540010434	1.85909	6.95904
1.5500025	1.83807	6.97607
1.560007298	1.81296	6.98941
1.570002912	1.78488	6.99877
1.580006627	1.75427	7.00432
1.590016287	1.72192	7.00614
1.600009033	1.68859	7.00438
1.610002727	1.65413	6.99915
1.620016202	1.61955	6.99085
1.630004996	1.58489	6.97968
1.640009259	1.55061	6.96595
1.650005323	1.51655	6.94967
1.660012853	1.4831	6.93142
1.670007543	1.45052	6.9113
1.680009485	1.41881	6.88956
1.690016766	1.38753	6.86617
1.700004113	1.35763	6.84172
1.710015861	1.32829	6.81589
1.720003052	1.30012	6.78935
1.730011023	1.27267	6.76178
1.740014034	1.24623	6.73351
1.75000988	1.22072	6.70464
1.759996309	1.19586	6.67511
1.769996288	1.1721	6.64536
1.780008327	1.14916	6.61525
1.790005053	1.12692	6.58475
1.800010163	1.10544	6.55393
1.80999562	1.08469	6.52308
1.820012331	1.06475	6.49213
1.830005461	1.04542	6.46103
1.839999703	1.02678	6.4298
1.85002089	1.00885	6.39889
1.860012302	0.99142	6.36765
1.869999397	0.97456	6.3367
1.880008795	0.95827	6.30565
1.890010671	0.94244	6.27465
1.900003065	0.92723	6.24386
1.910013403	0.9125	6.21318
1.92001084	0.89815	6.18269
1.929993306	0.88437	6.15241
1.940019403	0.87086	6.12212
1.949996854	0.85783	6.09212
1.960015492	0.84522	6.06229
1.970012394	0.8329	6.03255
1.980016928	0.82099	6.00308
1.989995827	0.8094	5.9737
2.000011292	0.79815	5.94467
2.00999773	0.78719	5.91571
2.020018573	0.77657	5.88711
2.030006877	0.76618	5.85859
2.039993748	0.75612	5.83024
2.050011574	0.74635	5.80242
2.05999136	0.73677	5.7745
2.069999666	0.72751	5.74694
2.080001007	0.71845	5.71954
2.089993763	0.70957	5.69232
2.100011856	0.70096	5.66536
2.11001872	0.69256	5.63867
2.120012653	0.68435	5.61207
2.129991926	0.67633	5.58582
2.139991715	0.66851	5.55976
2.150011272	0.66086	5.53378
2.160012195	0.65342	5.50817
2.169992649	0.6461	5.48265
2.18002743	0.63899	5.4575
2.190000707	0.63201	5.43235
2.200026617	0.62519	5.40757
2.210026559	0.61851	5.38289
2.219998568	0.61196	5.3584
2.230020864	0.60556	5.33411
2.240012647	0.59929	5.3101
2.250012703	0.59319	5.28629
2.260020051	0.58716	5.26268
2.269992127	0.58128	5.23917
2.280010666	0.57555	5.21606
2.289991134	0.56988	5.19295
2.300016696	0.56435	5.17015
2.310001304	0.55889	5.14736
2.320029565	0.55355	5.12479
2.330013907	0.54832	5.10251
2.339996225	0.54318	5.08036
2.350019902	0.53816	5.05842
2.359995051	0.53318	5.03659
2.37000994	0.52834	5.01489
2.380018812	0.52355	4.99351
2.390020433	0.51886	4.97214
2.40001355	0.51427	4.95111
2.40999689	0.50976	4.9302
2.420016396	0.5053	4.90941
2.430024303	0.50091	4.88875
2.440019286	0.49664	4.86833
2.45	0.49241	4.84814
2.460013889	0.48824	4.82787
2.470011555	0.48417	4.80795
2.479991599	0.48011	4.78806
2.490002611	0.47618	4.76841
2.499993951	0.47228	4.7489
2.510014981	0.46843	4.72953
2.520014228	0.46467	4.7103
2.529990205	0.46096	4.69121
2.539993444	0.45732	4.67238
2.550023652	0.4537	4.65348
2.560027668	0.45015	4.63494
2.570003938	0.44664	4.61633
2.580004578	0.44322	4.59798
2.590029246	0.43982	4.57979
2.600023068	0.43647	4.56163
2.609984422	0.43318	4.54364
2.6200224	0.42992	4.5258
2.630026304	0.42672	4.50811
2.639994464	0.42359	4.49059
2.650038473	0.42047	4.47312
2.659987986	0.41739	4.45569
2.67001249	0.41437	4.43866
2.679996974	0.41138	4.42156
2.689998047	0.40844	4.40452
2.700015244	0.40554	4.38776
2.709988853	0.40266	4.37094
2.720036418	0.39984	4.35441
2.730038534	0.39704	4.33793
2.73999337	0.3943	4.32163
2.750021071	0.39158	4.30538
2.759999555	0.3889	4.2892
2.769988829	0.38626	4.27319
2.779988341	0.38364	4.25725
2.789997525	0.38105	4.24149
2.800015808	0.3785	4.22579
2.810042609	0.37597	4.21015
2.820013192	0.3735	4.1947
2.829990185	0.37104	4.17931
2.840038025	0.3686	4.164
2.850026435	0.3662	4.14887
2.860019377	0.36383	4.13381
2.870016204	0.36149	4.11882
2.88001626	0.35918	4.1039
2.890018881	0.35689	4.08918
2.90002339	0.35464	4.07453
2.910029104	0.35239	4.05995
2.920035327	0.3502	4.04557
2.930041356	0.34802	4.03114
2.940046477	0.34587	4.01679
2.949979776	0.34372	4.00252
2.959980424	0.34161	3.98845
2.969977962	0.33954	3.97445
2.980043264	0.33748	3.96054
2.990032798	0.33543	3.94671
3.000016938	0.33341	3.93283
3.009994902	0.33142	3.91916
3.02003946	0.32944	3.90558
3.030003177	0.3275	3.89208
3.040032856	0.32557	3.87879
3.04997909	0.32365	3.86546
3.059990621	0.32176	3.85221
3.069992076	0.31991	3.83905
3.079982611	0.31806	3.82599
3.090038381	0.31622	3.813
3.100005001	0.31441	3.79998
3.110036121	0.31262	3.78718
3.119975339	0.31085	3.77447
3.129978289	0.3091	3.76185
3.140045587	0.30735	3.74919
3.150017785	0.30564	3.73663
3.159972984	0.30393	3.72416
3.169991307	0.30225	3.71179
3.179991793	0.30058	3.69951
3.189973499	0.29893	3.68732
3.200018067	0.29729	3.67524
3.210042978	0.29568	3.66312
3.220047268	0.29406	3.65109
3.23002996	0.29247	3.63917
3.23999007	0.2909	3.62721
3.250011796	0.28935	3.61535
3.260009992	0.2878	3.60372
3.269983648	0.28628	3.59193
3.280018519	0.28476	3.58038
3.290027863	0.28326	3.56879
3.300010647	0.28178	3.55744
3.310054195	0.28031	3.54592
3.319981256	0.27884	3.53465
3.330057477	0.27739	3.52334
3.340015086	0.27597	3.51214
3.350032424	0.27455	3.50105
3.36001897	0.27314	3.48993
3.369973635	0.27175	3.47891
3.37998746	0.27038	3.46787
3.389968283	0.26901	3.45693
3.400008227	0.26766	3.44611
3.410014027	0.26632	3.43539
3.419984553	0.26499	3.42465
3.430013556	0.26366	3.41402
3.440006104	0.26236	3.40336
3.450057044	0.26107	3.39281
3.459973768	0.25979	3.38238
3.47004478	0.2585	3.37192
3.47997923	0.25725	3.36157
3.489970726	0.256	3.3512
3.500019761	0.25475	3.34094
3.510027461	0.25351	3.33081
3.519992618	0.2523	3.32064
3.53001452	0.25109	3.3106
3.539992577	0.2499	3.30052
3.550027201	0.24871	3.29042
3.560016654	0.24753	3.28044
3.570062484	0.24636	3.27058
3.580061793	0.24521	3.26069
3.590013319	0.24405	3.25093
3.600020325	0.24291	3.2413
3.609978163	0.24178	3.23163
3.619991241	0.24066	3.22194
3.63006002	0.23956	3.21238
3.639971229	0.23845	3.20279
3.650044159	0.23735	3.19333
3.660064945	0.23627	3.18384
3.670032265	0.2352	3.17448
3.68005402	0.23413	3.16511
3.690020833	0.23306	3.15581
3.70004178	0.23202	3.14656
3.710006284	0.23097	3.13736
3.720024603	0.22994	3.12822
3.729984958	0.22893	3.11914
3.739998793	0.22791	3.11005
3.750066542	0.22689	3.10101
3.759960576	0.2259	3.09206
3.770021589	0.2249	3.08311
3.780021341	0.22391	3.07419
3.789958428	0.22293	3.06532
3.800064364	0.22197	3.05655
3.809990167	0.221	3.04778
3.819967958	0.22004	3.03905
3.829998147	0.21908	3.03036
3.839962215	0.21815	3.02172
3.849978264	0.21722	3.01312
3.8600467	0.21629	3.00456
3.870047133	0.21537	2.99606
3.879978094	0.21446	2.98757
3.889960154	0.21355	2.97916
3.899993709	0.21264	2.97076
3.90995585	0.21175	2.96242
3.919969016	0.21088	2.95411
3.9300336	0.20999	2.94584
3.940024787	0.20911	2.93762
3.950066905	0.20825	2.92943
3.960033856	0.20739	2.92127
3.970051233	0.20653	2.91317
3.979991654	0.20569	2.90508
3.989981979	0.20485	2.89704
4.000022584	0.20401	2.88902
4.009984152	0.20317	2.88106
4.019995461	0.20236	2.87311
4.030056883	0.20154	2.86521
4.040037147	0.20073	2.85732
4.050066965	0.19991	2.8495
4.060013753	0.19912	2.84173
4.07000952	0.19832	2.834
4.080054627	0.19754	2.82629
4.090014515	0.19675	2.81858
4.100023148	0.19597	2.81091
4.110080886	0.1952	2.80327
4.120051175	0.19442	2.79571
4.130069953	0.19368	2.78817
4.139999332	0.1929	2.78065
4.14997657	0.19215	2.77312
4.160002013	0.19142	2.76569
4.170076012	0.19066	2.75827
4.180057989	0.18994	2.75089
4.189946267	0.18921	2.74356
4.200023713	0.18849	2.73624
4.210006791	0.18777	2.72893
4.22003744	0.18704	2.72163
4.229971683	0.18634	2.71445
4.239952808	0.18563	2.70726
4.249981147	0.18492	2.70009
4.260057037	0.18422	2.69292
4.270033751	0.18353	2.68581
4.280057305	0.18284	2.67876
4.289979585	0.18216	2.67172
4.299947978	0.18148	2.66472
4.309962805	0.18081	2.65772
4.32002439	0.18014	2.65076
4.32998184	0.17947	2.64382
4.339985298	0.17881	2.63691
4.350035085	0.17816	2.63006
4.359978197	0.1775	2.62324
4.369966869	0.17686	2.61642
4.380001413	0.17621	2.60965
4.390082147	0.17557	2.60287
4.400053233	0.17493	2.59613
4.410069716	0.1743	2.5894
4.419974332	0.17367	2.58274
4.430081824	0.17305	2.57609
4.440076637	0.17243	2.56948
4.449956931	0.17182	2.56291
4.460041728	0.17121	2.55635
4.470011176	0.1706	2.5498
4.480025294	0.17	2.54327
4.490084381	0.16939	2.53677
4.500025407	0.1688	2.53033
4.510010549	0.16821	2.5239
4.520040102	0.16762	2.5175
4.529948849	0.16703	2.5111
4.540067377	0.16645	2.50472
4.550064223	0.16588	2.4984
4.559937477	0.1653	2.49209
4.570022116	0.16473	2.48581
4.579982269	0.16416	2.47955
4.589985932	0.1636	2.47329
4.600033391	0.16304	2.46708
4.609953523	0.16248	2.46089
4.620088687	0.16193	2.45471
4.630095601	0.16138	2.44858
4.639972306	0.16083	2.44245
4.650065634	0.16029	2.43637
4.660027813	0.15975	2.43031
4.67003277	0.15922	2.42426
4.680080779	0.15868	2.41826
4.689994704	0.15816	2.41226
4.69995072	0.15763	2.40627
4.709949096	0.1571	2.40033
4.719990102	0.15658	2.39439
4.730074012	0.15606	2.38846
4.74001988	0.15555	2.38258
4.750007662	0.15504	2.37673
4.760037624	0.15453	2.37088
4.770110034	0.15403	2.36506
4.780040867	0.15353	2.35925
4.790013136	0.15303	2.35345
4.8000271	0.15253	2.34769
4.810083023	0.15204	2.34197
4.81999378	0.15155	2.33623
4.829945462	0.15106	2.33056
4.839938322	0.15058	2.32488
4.849972618	0.1501	2.31923
4.860048606	0.14962	2.31361
4.869975254	0.14914	2.30797
4.879942536	0.14867	2.30237
4.8899507	0.1482	2.29679
4.9	0.14773	2.29125
4.910090689	0.14726	2.28569
4.920027778	0.1468	2.28021
4.930005169	0.14634	2.27473
4.940023109	0.14589	2.26927
4.950081846	0.14544	2.26381
4.959983198	0.14498	2.25839
4.969924239	0.14453	2.25295
4.980105238	0.14409	2.24755
4.989926349	0.14364	2.24217
4.999987902	0.1432	2.23681
5.010090112	0.14276	2.23148
5.020029962	0.14233	2.22615
5.030009331	0.14189	2.22084
5.040028455	0.14146	2.21554
5.050087573	0.14103	2.21029
5.059980411	0.14061	2.20506
5.070119408	0.14018	2.19981
5.080090961	0.13976	2.19461
5.090101815	0.13934	2.18941
5.099942413	0.13892	2.18424
5.110031736	0.13851	2.17908
5.11994962	0.1381	2.17393
5.130118338	0.13769	2.16881
5.140114423	0.13728	2.16369
5.149935618	0.13687	2.15862
5.160009156	0.13647	2.15354
5.17012218	0.13607	2.14849
5.180058492	0.13567	2.14346
5.19003307	0.13527	2.13843
5.200046135	0.13488	2.13342
5.210097912	0.13448	2.12842
5.219968845	0.1341	2.12346
5.230097866	0.13371	2.11851
5.240044799	0.13332	2.11355
5.250029641	0.13294	2.10864
5.260052607	0.13256	2.10373
5.270113917	0.13218	2.09885
5.279988928	0.1318	2.09396
5.290126723	0.13143	2.08911
5.300076946	0.13105	2.08427
5.310064671	0.13068	2.07942
5.320090109	0.13031	2.0746
5.32992434	0.12995	2.06983
5.340024981	0.12958	2.06504
5.349933118	0.12922	2.06027
5.360109809	0.12885	2.05553
5.370092689	0.12849	2.05078
5.380112823	0.12814	2.04605
5.389936095	0.12778	2.04133
5.400030488	0.12743	2.03667
5.409926695	0.12708	2.03198
5.420096175	0.12673	2.02733
5.430066132	0.12638	2.02269
5.440072836	0.12603	2.01806
5.450116489	0.12569	2.01343
5.459956843	0.12534	2.00883
5.47007412	0.125	2.00423
5.47998674	0.12466	1.99963
5.489935352	0.12431	1.99503
5.499920153	0.12397	1.99044
