%% Querry
% ev n k	
0.022317228	7.943	3.209
0.023557084	7.679	3.351
0.02479694	7.341	3.4
0.026036813	7.124	3.331
0.027276661	6.933	3.357
0.028516455	6.738	3.253
0.029756304	6.677	3.226
0.030996175	6.485	3.185
0.032236054	6.416	3.058
0.033475902	6.381	3.017
0.034715702	6.329	2.95
0.03595552	6.342	2.858
0.037195447	6.418	2.807
0.038435215	6.567	2.776
0.039675104	6.871	2.855
0.040914992	7.272	3.268
0.042154747	7.376	4.29
0.043394688	6.308	5.21
0.044634456	5.167	4.94
0.045874385	4.668	4.392
0.047114167	4.484	3.958
0.048354081	4.409	3.655
0.04959388	4.365	3.413
0.050833819	4.361	3.224
0.052073626	4.362	3.078
0.053313453	4.372	2.959
0.054553203	4.371	2.867
0.055793171	4.373	2.776
0.057033042	4.38	2.694
0.058272797	4.391	2.614
0.059512751	4.413	2.535
0.060752394	4.456	2.46
0.06199235	4.524	2.402
0.063232336	4.613	2.365
0.064471941	4.731	2.348
0.065711976	4.902	2.383
0.066951805	5.131	2.54
0.068191653	5.314	2.966
0.069431599	5.091	3.604
0.070671116	4.372	3.907
0.07191104	3.755	3.642
0.073150768	3.514	3.249
0.074390671	3.455	2.963
0.075630864	3.454	2.761
0.076870668	3.474	2.626
0.078110439	3.47	2.53
0.079350208	3.468	2.427
0.080590136	3.484	2.348
0.081829984	3.492	2.284
0.083069599	3.494	2.228
0.084309495	3.497	2.176
0.085549169	3.492	2.129
0.086789377	3.492	2.077
0.088029181	3.493	2.033
0.089268913	3.491	1.991
0.09050903	3.489	1.947
0.09174877	3.491	1.903
0.092988757	3.499	1.859
0.094228334	3.509	1.821
0.095468314	3.522	1.787
0.096708163	3.533	1.76
0.097948128	3.546	1.735
0.09918776	3.554	1.715
0.100427436	3.561	1.693
0.101667637	3.569	1.677
0.102907239	3.571	1.66
0.104146815	3.577	1.641
0.105387048	3.582	1.627
0.106626906	3.587	1.609
0.107866247	3.595	1.595
0.109106885	3.598	1.586
0.110345942	3.599	1.573
0.111586342	3.605	1.563
0.11282619	3.604	1.554
0.114065559	3.606	1.542
0.115305644	3.609	1.532
0.116545595	3.612	1.525
0.117785642	3.609	1.518
0.119024931	3.609	1.51
0.120264906	3.607	1.502
0.121504787	3.606	1.493
0.122744976	3.606	1.485
0.1239847	3.601	1.479
0.125224422	3.601	1.464
0.126464672	3.603	1.46
0.127704739	3.603	1.453
0.128943882	3.601	1.451
0.130184065	3.592	1.442
0.131423256	3.593	1.431
0.132663549	3.592	1.424
0.133902887	3.589	1.415
0.135143499	3.592	1.405
0.136383306	3.594	1.403
0.137623155	3.59	1.397
0.13886242	3.588	1.392
0.140102039	3.587	1.381
0.141343039	3.59	1.378
0.142581621	3.587	1.374
0.143822079	3.583	1.37
0.145062244	3.582	1.363
0.146301536	3.585	1.356
0.147541114	3.585	1.354
0.148782235	3.583	1.352
0.150020812	3.579	1.346
0.151261727	3.58	1.34
0.15250083	3.582	1.338
0.153741335	3.577	1.338
0.154980875	3.574	1.331
0.156220878	3.574	1.327
0.157460884	3.574	1.324
0.158700416	3.572	1.324
0.159941047	3.569	1.319
0.161180271	3.568	1.315
0.162419697	3.567	1.312
0.163658888	3.565	1.309
0.164899585	3.567	1.307
0.166139199	3.563	1.307
0.167379512	3.563	1.305
0.168620136	3.559	1.303
0.169858343	3.558	1.304
0.171098338	3.552	1.301
0.172339802	3.55	1.298
0.173577539	3.549	1.294
0.174818392	3.548	1.293
0.176057112	3.544	1.291
0.177298298	3.543	1.29
0.178539111	3.541	1.289
0.179776557	3.536	1.29
0.18101806	3.532	1.284
0.182258074	3.532	1.282
0.183496182	3.53	1.28
0.184737462	3.528	1.282
0.18597612	3.524	1.279
0.187217365	3.524	1.279
0.188458101	3.518	1.277
0.189697976	3.52	1.276
0.190936629	3.512	1.278
0.192176669	3.507	1.273
0.193414817	3.505	1.27
0.194656797	3.506	1.268
0.195896257	3.503	1.27
0.197135929	3.5	1.269
0.19837552	3.496	1.27
0.199614728	3.491	1.267
0.200856499	3.488	1.263
0.202094051	3.487	1.263
0.203333607	3.483	1.261
0.20457496	3.479	1.261
0.205814479	3.479	1.257
0.207055277	3.476	1.26
0.208293629	3.471	1.258
0.209532718	3.471	1.256
0.210772304	3.466	1.259
0.212012141	3.463	1.255
0.213251978	3.459	1.253
0.214495268	3.459	1.252
0.21573437	3.456	1.254
0.216972683	3.452	1.253
0.21821377	3.447	1.251
0.219453599	3.443	1.25
0.220691883	3.441	1.247
0.221932302	3.44	1.247
0.223170675	3.435	1.246
0.224410759	3.432	1.245
0.22565238	3.43	1.244
0.226891207	3.426	1.244
0.228131118	3.422	1.243
0.229371924	3.419	1.239
0.230613433	3.42	1.24
0.231851111	3.415	1.24
0.23309338	3.411	1.239
0.234331317	3.41	1.236
0.235569045	3.409	1.238
0.236810872	3.404	1.237
0.238052148	3.401	1.236
0.239292649	3.397	1.234
0.240532146	3.395	1.234
0.241770407	3.393	1.234
0.243011956	3.388	1.232
0.244251886	3.387	1.228
0.245489951	3.386	1.227
0.246730811	3.386	1.226
0.2479694	3.388	1.231
0.249210468	3.382	1.234
0.250448844	3.377	1.232
0.251689369	3.375	1.231
0.252926765	3.373	1.234
0.254171177	3.369	1.235
0.255406847	3.366	1.235
0.256649279	3.36	1.236
0.257887763	3.357	1.236
0.259127427	3.351	1.236
0.26036813	3.346	1.233
0.261609731	3.345	1.23
0.262846513	3.344	1.232
0.264089418	3.338	1.231
0.265327099	3.337	1.229
0.266564972	3.333	1.23
0.267808666	3.33	1.228
0.269046503	3.33	1.229
0.270284051	3.324	1.231
0.27152709	3.318	1.229
0.272763612	3.317	1.227
0.274005392	3.314	1.228
0.275246309	3.308	1.225
0.276486185	3.308	1.224
0.277724839	3.306	1.227
0.278968365	3.3	1.225
0.280204077	3.299	1.223
0.281444397	3.295	1.224
0.282682855	3.293	1.22
0.283925758	3.292	1.223
0.285166521	3.287	1.224
0.286404943	3.285	1.221
0.287647496	3.285	1.222
0.288887413	3.28	1.223
0.290124488	3.279	1.222
0.291365356	3.273	1.226
0.292603073	3.269	1.223
0.293844385	3.268	1.225
0.295082229	3.26	1.224
0.296323463	3.256	1.219
0.2975609	3.255	1.219
0.298801513	3.253	1.22
0.300045254	3.249	1.221
0.301284749	3.247	1.218
0.302519764	3.245	1.221
0.303764945	3.239	1.219
0.305005412	3.238	1.22
0.306240923	3.233	1.219
0.307478858	3.232	1.219
0.308719155	3.226	1.219
0.30996175	3.221	1.215
0.311198765	3.22	1.214
0.31243782	3.219	1.215
0.313678844	3.216	1.216
0.314921768	3.213	1.212
0.316158456	3.211	1.212
0.317396769	3.208	1.212
0.318636632	3.207	1.215
0.319877967	3.2	1.219
0.321120694	3.196	1.213
0.322356352	3.194	1.211
0.323601556	3.193	1.209
0.324839394	3.193	1.211
0.326078163	3.188	1.215
0.327317775	3.182	1.213
0.328558141	3.18	1.213
0.32979917	3.175	1.212
0.331040771	3.173	1.207
0.33228285	3.171	1.21
0.333516342	3.168	1.21
0.334759025	3.163	1.21
0.336001897	3.161	1.206
0.337235686	3.159	1.209
0.338478569	3.153	1.205
0.339721339	3.153	1.204
0.340954515	3.151	1.203
0.342196677	3.152	1.203
0.343438409	3.148	1.208
0.344679603	3.139	1.206
0.34592015	3.137	1.202
0.347159937	3.137	1.2
0.348398854	3.135	1.201
0.349636784	3.132	1.202
0.350873613	3.129	1.201
0.352119224	3.127	1.201
0.353353568	3.125	1.202
0.354596597	3.123	1.202
0.355838188	3.118	1.201
0.357078221	3.117	1.2
0.358316571	3.114	1.2
0.359553113	3.112	1.197
0.360798219	3.113	1.199
0.362030835	3.107	1.205
0.363271902	3.101	1.201
0.36451079	3.101	1.201
0.365758157	3.097	1.201
0.366992363	3.094	1.201
0.368234927	3.093	1.198
0.369474923	3.09	1.202
0.370712214	3.084	1.198
0.37195782	3.085	1.199
0.373189357	3.08	1.203
0.374429076	3.074	1.2
0.37567706	3.075	1.199
0.376910473	3.067	1.199
0.378152011	3.066	1.195
0.379390147	3.065	1.196
0.380636417	3.063	1.195
0.381867377	3.062	1.194
0.383118163	3.06	1.198
0.384353339	3.055	1.198
0.385596504	3.05	1.199
0.386835668	3.046	1.197
0.388070675	3.044	1.197
0.389313593	3.04	1.196
0.390552196	3.037	1.192
0.391786324	3.039	1.191
0.393028276	3.037	1.194
0.39426559	3.033	1.195
0.395510718	3.029	1.194
0.39675104	3.025	1.193
0.39798639	3.024	1.191
0.399229456	3.021	1.193
0.400467377	3.018	1.193
0.401712999	3.016	1.192
0.402953297	3.013	1.195
0.404188101	3.007	1.191
0.405430496	3.007	1.19
0.406667213	3.004	1.19
0.407911499	3.003	1.191
0.409149919	2.998	1.193
0.410395882	2.993	1.19
0.41163579	2.992	1.187
0.412869464	2.993	1.188
0.414110554	2.988	1.19
0.415345215	2.986	1.189
0.416587259	2.982	1.19
0.417822673	2.979	1.189
0.419065436	2.973	1.18
0.420301366	2.971	1.185
0.421544608	2.971	1.187
0.422780809	2.967	1.186
0.424024282	2.965	1.186
0.425260504	2.96	1.185
0.426503956	2.96	1.182
0.427739943	2.961	1.186
0.428745764	2.952	1.187
0.428983115	2.955	1.187
0.431461233	2.947	1.185
0.43271106	2.945	1.185
0.433952959	2.943	1.183
0.435186732	2.941	1.184
0.436427541	2.936	1.185
0.437659995	2.933	1.194
0.43889943	2.93	1.185
0.440145905	2.924	1.183
0.441383766	2.922	1.178
0.44262861	2.923	1.177
0.443864605	2.921	1.179
0.445107521	2.917	1.179
0.446341349	2.913	1.176
0.447582037	2.913	1.176
0.448829641	2.909	1.18
0.450067882	2.905	1.175
0.451296546	2.906	1.176
0.452548454	2.9	1.176
0.453790718	2.898	1.175
0.455023121	2.895	1.176
0.456262236	2.894	1.173
0.457508118	2.894	1.176
0.458743849	2.888	1.176
0.459986273	2.885	1.175
0.461218287	2.883	1.174
0.462456919	2.879	1.176
0.463702222	2.874	1.174
0.464936813	2.87	1.173
0.466177997	2.869	1.17
0.467425825	2.867	1.171
0.468662635	2.864	1.169
0.469906007	2.863	1.168
0.471138091	2.857	1.168
0.472376653	2.857	1.167
0.473621743	2.852	1.169
0.474855228	2.852	1.165
0.476095154	2.851	1.168
0.477341572	2.843	1.166
0.478576061	2.844	1.163
0.47981695	2.839	1.166
0.481064292	2.837	1.16
0.482299374	2.837	1.162
0.483540814	2.834	1.161
0.484788661	2.833	1.16
0.486023912	2.831	1.161
0.487265475	2.825	1.161
0.488494149	2.826	1.161
0.48974838	2.821	1.161
0.490970182	2.818	1.158
0.492217635	2.816	1.16
0.493451803	2.812	1.158
0.494692176	2.813	1.156
0.4959388	2.811	1.158
0.497930522	2.805	1.158
0.499938306	2.801	1.157
0.501962348	2.797	1.157
0.504002846	2.791	1.157
0.50606	2.785	1.156
0.508134016	2.78	1.154
0.510225103	2.776	1.152
0.512333471	2.771	1.151
0.514459336	2.767	1.149
0.516602917	2.763	1.147
0.518764435	2.758	1.146
0.520944118	2.754	1.145
0.523142194	2.751	1.144
0.525358898	2.747	1.144
0.527594468	2.741	1.144
0.529849145	2.735	1.142
0.532123176	2.73	1.14
0.53441681	2.726	1.138
0.536730303	2.722	1.137
0.539063913	2.718	1.137
0.541417904	2.713	1.137
0.543792544	2.706	1.137
0.546188106	2.699	1.136
0.548604867	2.693	1.134
0.551043111	2.685	1.131
0.553503125	2.68	1.127
0.555985202	2.675	1.124
0.55848964	2.671	1.121
0.561016742	2.666	1.118
0.563566818	2.662	1.116
0.566140183	2.657	1.114
0.568737156	2.653	1.112
0.571358065	2.648	1.11
0.574003241	2.643	1.109
0.576673023	2.638	1.106
0.579367757	2.633	1.104
0.582087793	2.629	1.102
0.584833491	2.624	1.1
0.587605213	2.619	1.099
0.590403333	2.613	1.097
0.59322823	2.608	1.095
0.596080288	2.603	1.094
0.598959903	2.597	1.092
0.601867476	2.592	1.09
0.604803415	2.586	1.089
0.607768137	2.58	1.088
0.610762069	2.573	1.086
0.613785644	2.566	1.085
0.616839303	2.558	1.084
0.6199235	2.545	1.08
0.623038693	2.539	1.069
0.626185354	2.536	1.065
0.629363959	2.532	1.061
0.632575	2.527	1.058
0.635818974	2.521	1.056
0.639096392	2.515	1.052
0.642407772	2.51	1.048
0.645753646	2.504	1.044
0.649134555	2.498	1.041
0.652551053	2.492	1.037
0.656003704	2.487	1.033
0.659493085	2.48	1.028
0.663019786	2.475	1.021
0.666584409	2.474	1.017
0.670187568	2.471	1.017
0.673829891	2.464	1.015
0.677512022	2.457	1.012
0.681234615	2.451	1.008
0.684998343	2.446	1.004
0.688803889	2.441	1.003
0.692651955	2.432	1
0.696543258	2.425	0.996
0.700478531	2.419	0.991
0.704458523	2.412	0.987
0.708484	2.405	0.983
0.712555747	2.398	0.979
0.716674566	2.391	0.974
0.720841279	2.385	0.969
0.725056725	2.378	0.964
0.729321765	2.371	0.959
0.733637278	2.364	0.953
0.738004167	2.357	0.947
0.742423353	2.35	0.942
0.746895783	2.343	0.935
0.751422424	2.337	0.929
0.756004268	2.331	0.923
0.760642331	2.325	0.917
0.765337654	2.319	0.91
0.770091304	2.314	0.904
0.774904375	2.308	0.898
0.779777987	2.301	0.892
0.784713291	2.295	0.885
0.789711465	2.29	0.879
0.794773718	2.284	0.872
0.79990129	2.278	0.867
0.805095455	2.27	0.86
0.810357516	2.265	0.852
0.815688816	2.259	0.846
0.821090728	2.252	0.839
0.826564667	2.246	0.831
0.832112081	2.24	0.824
0.837734459	2.233	0.816
0.843433333	2.227	0.808
0.849210274	2.221	0.8
0.855066897	2.215	0.791
0.861004861	2.209	0.783
0.867025874	2.203	0.774
0.87313169	2.198	0.765
0.879324113	2.192	0.757
0.885605	2.186	0.747
0.891976259	2.181	0.737
0.898439855	2.176	0.728
0.90499781	2.171	0.718
0.911652206	2.166	0.708
0.918405185	2.162	0.698
0.925258955	2.158	0.688
0.932215789	2.153	0.678
0.93927803	2.149	0.667
0.946448092	2.146	0.657
0.953728462	2.143	0.647
0.961121705	2.139	0.637
0.968630469	2.135	0.626
0.97625748	2.132	0.616
0.984005556	2.129	0.605
0.9918776	2.126	0.595
0.999876613	2.123	0.584
1.008005691	2.12	0.574
1.016268033	2.117	0.564
1.024666942	2.114	0.554
1.033205833	2.106	0.542
1.041888235	2.103	0.525
1.050717797	2.104	0.512
1.059698291	2.103	0.5
1.068833621	2.102	0.487
1.078127826	2.102	0.475
1.087585088	2.102	0.462
1.097209735	2.102	0.45
1.10700625	2.103	0.437
1.116979279	2.104	0.424
1.127133636	2.106	0.413
1.137474312	2.107	0.401
1.148006481	2.108	0.389
1.158735514	2.11	0.377
1.169666981	2.112	0.365
1.180806667	2.114	0.353
1.192160577	2.116	0.341
1.203734951	2.119	0.329
1.215536275	2.122	0.317
1.227571287	2.125	0.305
1.239847	2.13	0.292
1.252370707	2.134	0.28
1.26515	2.139	0.267
1.278192784	2.146	0.255
1.291507292	2.153	0.244
1.305102105	2.159	0.234
1.31898617	2.168	0.223
1.333168817	2.175	0.215
1.347659783	2.182	0.207
1.362469231	2.189	0.198
1.377607778	2.196	0.189
1.393086517	2.205	0.181
1.408917045	2.213	0.173
1.425111494	2.222	0.167
1.441682558	2.229	0.161
1.458643529	2.236	0.155
1.476008333	2.245	0.149
1.493791566	2.253	0.143
1.512008537	2.262	0.138
1.530675309	2.272	0.134
1.54980875	2.279	0.134
1.569426582	2.284	0.128
1.589547436	2.294	0.123
1.610190909	2.303	0.12
1.631377632	2.312	0.119
1.653129333	2.32	0.118
1.675468919	2.329	0.118
1.698420548	2.336	0.119
1.722009722	2.343	0.12
1.74626338	2.349	0.122
1.77121	2.355	0.124
1.79687971	2.359	0.127
1.823304412	2.362	0.131
1.85051791	2.364	0.135
1.878556061	2.363	0.137
1.907456923	2.366	0.138
1.937260938	2.366	0.145
1.968011111	2.358	0.148
1.999753226	2.353	0.144
2.032536066	2.35	0.141
2.066411667	2.346	0.136
2.101435593	2.344	0.131
2.137667241	2.342	0.125
2.175170175	2.342	0.118
2.2140125	2.342	0.112
2.254267273	2.343	0.105
2.296012963	2.344	0.099
2.339333962	2.346	0.091
2.384321154	2.349	0.083
2.431072549	2.354	0.077
2.479694	2.359	0.071
2.5303	2.364	0.067
2.583014583	2.365	0.063
2.63797234	2.367	0.054
2.695319565	2.374	0.042
2.755215556	2.386	0.032
2.817834091	2.404	0.026
2.883365116	2.423	0.026
2.952016667	2.44	0.034
3.024017073	2.453	0.047
3.0996175	2.462	0.062
3.179094872	2.464	0.08
3.262755263	2.459	0.096
3.350937838	2.447	0.108
3.444019444	2.434	0.112
3.54242	2.422	0.111
3.646608824	2.415	0.108
3.757112121	2.409	0.105
3.874521875	2.403	0.103
3.999506452	2.398	0.096
4.132823333	2.398	0.091
4.275334483	2.397	0.088
4.428025	2.401	0.085
4.592025926	2.404	0.092
4.768642308	2.4	0.102
4.959388	2.387	0.114
5.166029167	2.364	0.12
5.39063913	2.337	0.118
5.635668182	2.305	0.109
5.904033333	2.256	0.085
