%% alloy 50		
1.033201608	0.73359	8.32187
1.034063328	0.73248	8.3145
1.034926486	0.73137	8.30714
1.035791086	0.73026	8.29977
1.036657132	0.72915	8.2924
1.037524628	0.72804	8.28503
1.038393576	0.72693	8.27766
1.039263982	0.72582	8.27029
1.040135847	0.72472	8.26292
1.041009177	0.72361	8.25555
1.041883975	0.72251	8.24818
1.042760244	0.72141	8.2408
1.043637988	0.7203	8.23343
1.044517211	0.7192	8.22605
1.045397917	0.7181	8.21867
1.04628011	0.717	8.21129
1.047163792	0.7159	8.20392
1.048048969	0.71481	8.19654
1.048935643	0.71371	8.18916
1.049823819	0.71262	8.18177
1.0507135	0.71152	8.17439
1.05160469	0.71043	8.16701
1.052497394	0.70933	8.15962
1.053391614	0.70824	8.15224
1.054287355	0.70715	8.14485
1.055184621	0.70606	8.13746
1.056083416	0.70497	8.13008
1.056983743	0.70389	8.12269
1.057885606	0.7028	8.1153
1.058789009	0.70172	8.10791
1.059693957	0.70063	8.10051
1.060600453	0.69955	8.09312
1.061508502	0.69846	8.08573
1.062418106	0.69738	8.07833
1.063329271	0.6963	8.07094
1.064242	0.69522	8.06354
1.065156297	0.69414	8.05614
1.066072167	0.69307	8.04874
1.066989613	0.69199	8.04134
1.067908639	0.69091	8.03394
1.06882925	0.68984	8.02654
1.06975145	0.68876	8.01914
1.070675242	0.68769	8.01174
1.071600631	0.68662	8.00433
1.072527621	0.68555	7.99693
1.073456216	0.68448	7.98952
1.074386421	0.68341	7.98211
1.075318239	0.68234	7.9747
1.076251675	0.68128	7.96729
1.077186733	0.68021	7.95988
1.078123417	0.67915	7.95247
1.079061732	0.67808	7.94506
1.080001681	0.67702	7.93765
1.080943269	0.67596	7.93023
1.081886501	0.6749	7.92282
1.08283138	0.67384	7.9154
1.083777911	0.67278	7.90798
1.084726098	0.67172	7.90057
1.085675946	0.67066	7.89315
1.086627458	0.66961	7.88573
1.08758064	0.66855	7.87831
1.088535496	0.6675	7.87088
1.08949203	0.66644	7.86346
1.090450246	0.66539	7.85604
1.09141015	0.66434	7.84861
1.092371744	0.66329	7.84119
1.093335035	0.66224	7.83376
1.094300026	0.6612	7.82633
1.095266723	0.66015	7.8189
1.096235128	0.6591	7.81147
1.097205248	0.65806	7.80404
1.098177086	0.65701	7.79661
1.099150647	0.65597	7.78917
1.100125936	0.65493	7.78174
1.101102957	0.65389	7.7743
1.102081716	0.65285	7.76687
1.103062215	0.65181	7.75943
1.104044461	0.65077	7.75199
1.105028458	0.64973	7.74455
1.106014211	0.6487	7.73711
1.107001723	0.64766	7.72967
1.107991001	0.64663	7.72223
1.108982048	0.6456	7.71478
1.10997487	0.64457	7.70734
1.110969471	0.64354	7.69989
1.111965857	0.64251	7.69245
1.112964031	0.64148	7.685
1.113963998	0.64045	7.67755
1.114965764	0.63942	7.6701
1.115969334	0.6384	7.66265
1.116974712	0.63737	7.6552
1.117981903	0.63635	7.64775
1.118990912	0.63533	7.64029
1.120001743	0.6343	7.63284
1.121014403	0.63328	7.62538
1.122028896	0.63226	7.61792
1.123045226	0.63125	7.61046
1.1240634	0.63023	7.603
1.125083421	0.62921	7.59554
1.126105295	0.6282	7.58808
1.127129027	0.62718	7.58062
1.128154622	0.62617	7.57316
1.129182086	0.62516	7.56569
1.130211422	0.62415	7.55822
1.131242637	0.62313	7.55076
1.132275735	0.62213	7.54329
1.133310722	0.62112	7.53582
1.134347603	0.62011	7.52835
1.135386383	0.6191	7.52088
1.136427067	0.6181	7.51341
1.137469661	0.61709	7.50593
1.138514169	0.61609	7.49846
1.139560597	0.61509	7.49098
1.140608951	0.61409	7.4835
1.141659236	0.61309	7.47603
1.142711456	0.61209	7.46855
1.143765618	0.61109	7.46107
1.144821727	0.61009	7.45359
1.145879787	0.6091	7.4461
1.146939806	0.6081	7.43862
1.148001787	0.60711	7.43113
1.149065737	0.60612	7.42365
1.15013166	0.60513	7.41616
1.151199564	0.60414	7.40867
1.152269452	0.60315	7.40118
1.15334133	0.60216	7.39369
1.154415205	0.60117	7.3862
1.155491081	0.60018	7.37871
1.156568965	0.5992	7.37121
1.157648861	0.59821	7.36372
1.158730776	0.59723	7.35622
1.159814715	0.59625	7.34873
1.160900684	0.59527	7.34123
1.161988688	0.59429	7.33373
1.163078734	0.59331	7.32623
1.164170826	0.59233	7.31872
1.165264972	0.59135	7.31122
1.166361176	0.59038	7.30372
1.167459444	0.5894	7.29621
1.168559783	0.58843	7.2887
1.169662198	0.58746	7.2812
1.170766695	0.58648	7.27369
1.17187328	0.58551	7.26618
1.172981958	0.58454	7.25866
1.174092737	0.58358	7.25115
1.175205621	0.58261	7.24364
1.176320617	0.58164	7.23612
1.17743773	0.58068	7.22861
1.178556968	0.57971	7.22109
1.179678335	0.57875	7.21357
1.180801838	0.57779	7.20605
1.181927483	0.57683	7.19853
1.183055277	0.57587	7.19101
1.184185224	0.57491	7.18348
1.185317333	0.57395	7.17596
1.186451608	0.57299	7.16843
1.187588056	0.57204	7.1609
1.188726683	0.57108	7.15337
1.189867495	0.57013	7.14584
1.1910105	0.56918	7.13831
1.192155702	0.56822	7.13078
1.193303109	0.56727	7.12325
1.194452726	0.56632	7.11571
1.195604561	0.56538	7.10818
1.19675862	0.56443	7.10064
1.197914908	0.56348	7.0931
1.199073433	0.56254	7.08556
1.200234201	0.56159	7.07802
1.201397219	0.56065	7.07048
1.202562493	0.55971	7.06293
1.203730029	0.55877	7.05539
1.204899835	0.55783	7.04784
1.206071916	0.55689	7.04029
1.20724628	0.55595	7.03275
1.208422934	0.55502	7.0252
1.209601883	0.55408	7.01764
1.210783135	0.55315	7.01009
1.211966696	0.55221	7.00254
1.213152573	0.55128	6.99498
1.214340774	0.55035	6.98742
1.215531304	0.54942	6.97987
1.216724171	0.54849	6.97231
1.217919381	0.54757	6.96475
1.219116942	0.54664	6.95718
1.22031686	0.54571	6.94962
1.221519143	0.54479	6.94206
1.222723797	0.54387	6.93449
1.223930829	0.54294	6.92692
1.225140247	0.54202	6.91936
1.226352057	0.5411	6.91179
1.227566267	0.54019	6.90421
1.228782884	0.53927	6.89664
1.230001915	0.53835	6.88907
1.231223366	0.53744	6.88149
1.232447247	0.53652	6.87392
1.233673562	0.53561	6.86634
1.234902321	0.5347	6.85876
1.236133529	0.53379	6.85118
1.237367196	0.53288	6.84359
1.238603327	0.53197	6.83601
1.23984193	0.53106	6.82843
1.241083013	0.53015	6.82084
1.242326583	0.52925	6.81325
1.243572648	0.52834	6.80566
1.244821215	0.52744	6.79807
1.246072291	0.52654	6.79048
1.247325885	0.52564	6.78289
1.248582004	0.52474	6.77529
1.249840655	0.52384	6.7677
1.251101847	0.52294	6.7601
1.252365586	0.52205	6.7525
1.253631881	0.52115	6.7449
1.254900739	0.52026	6.7373
1.256172168	0.51936	6.72969
1.257446176	0.51847	6.72209
1.258722772	0.51758	6.71448
1.260001961	0.51669	6.70687
1.261283754	0.5158	6.69926
1.262568157	0.51492	6.69165
1.263855178	0.51403	6.68404
1.265144827	0.51314	6.67643
1.266437109	0.51226	6.66881
1.267732035	0.51138	6.6612
1.269029611	0.5105	6.65358
1.270329846	0.50962	6.64596
1.271632749	0.50874	6.63834
1.272938326	0.50786	6.63072
1.274246588	0.50698	6.62309
1.275557541	0.50611	6.61547
1.276871195	0.50523	6.60784
1.278187557	0.50436	6.60021
1.279506636	0.50349	6.59258
1.28082844	0.50262	6.58495
1.282152978	0.50175	6.57732
1.283480259	0.50088	6.56968
1.28481029	0.50001	6.56204
1.286143081	0.49914	6.55441
1.28747864	0.49828	6.54677
1.288816975	0.49741	6.53913
1.290158096	0.49655	6.53148
1.29150201	0.49569	6.52384
1.292848728	0.49483	6.51619
1.294198257	0.49397	6.50855
1.295550606	0.49311	6.5009
1.296905785	0.49225	6.49325
1.298263801	0.4914	6.4856
1.299624665	0.49054	6.47794
1.300988384	0.48969	6.47029
1.302354968	0.48884	6.46263
1.303724427	0.48799	6.45497
1.305096768	0.48714	6.44731
1.306472002	0.48629	6.43965
1.307850137	0.48544	6.43199
1.309231183	0.48459	6.42432
1.310615148	0.48375	6.41666
1.312002042	0.4829	6.40899
1.313391875	0.48206	6.40132
1.314784655	0.48122	6.39365
1.316180393	0.48038	6.38597
1.317579097	0.47954	6.3783
1.318980777	0.4787	6.37062
1.320385442	0.47787	6.36294
1.321793102	0.47703	6.35526
1.323203767	0.4762	6.34758
1.324617447	0.47536	6.3399
1.32603415	0.47453	6.33222
1.327453887	0.4737	6.32453
1.328876667	0.47287	6.31684
1.3303025	0.47204	6.30915
1.331731396	0.47122	6.30146
1.333163366	0.47039	6.29377
1.334598418	0.46957	6.28607
1.336036563	0.46874	6.27837
1.33747781	0.46792	6.27067
1.338922171	0.4671	6.26297
1.340369654	0.46628	6.25527
1.341820271	0.46546	6.24757
1.34327403	0.46465	6.23986
1.344730944	0.46383	6.23215
1.346191021	0.46302	6.22445
1.347654272	0.4622	6.21673
1.349120707	0.46139	6.20902
1.350590338	0.46058	6.20131
1.352063173	0.45977	6.19359
1.353539225	0.45896	6.18587
1.355018503	0.45815	6.17815
1.356501018	0.45735	6.17043
1.35798678	0.45654	6.16271
1.3594758	0.45574	6.15498
1.36096809	0.45494	6.14725
1.362463659	0.45414	6.13952
1.363962519	0.45334	6.13179
1.365464681	0.45254	6.12406
1.366970154	0.45174	6.11632
1.368478951	0.45095	6.10859
1.369991083	0.45015	6.10085
1.37150656	0.44936	6.09311
1.373025393	0.44857	6.08537
1.374547594	0.44778	6.07762
1.376073174	0.44699	6.06987
1.377602144	0.4462	6.06213
1.379134516	0.44541	6.05438
1.380670301	0.44463	6.04662
1.382209509	0.44385	6.03887
1.383752154	0.44306	6.03111
1.385298246	0.44228	6.02336
1.386847796	0.4415	6.0156
1.388400817	0.44072	6.00783
1.389957321	0.43995	6.00007
1.391517318	0.43917	5.9923
1.39308082	0.43839	5.98454
1.39464784	0.43762	5.97677
1.39621839	0.43685	5.96899
1.39779248	0.43608	5.96122
1.399370124	0.43531	5.95344
1.400951333	0.43454	5.94567
1.40253612	0.43377	5.93789
1.404124496	0.43301	5.9301
1.405716474	0.43224	5.92232
1.407312066	0.43148	5.91453
1.408911284	0.43072	5.90674
1.410514141	0.42996	5.89895
1.412120649	0.4292	5.89116
1.413730821	0.42844	5.88337
1.415344669	0.42769	5.87557
1.416962206	0.42693	5.86777
1.418583444	0.42618	5.85997
1.420208396	0.42543	5.85217
1.421837076	0.42468	5.84436
1.423469495	0.42393	5.83655
1.425105667	0.42318	5.82874
1.426745604	0.42243	5.82093
1.42838932	0.42169	5.81312
1.430036828	0.42094	5.8053
1.431688141	0.4202	5.79748
1.433343272	0.41946	5.78966
1.435002234	0.41872	5.78184
1.436665041	0.41798	5.77401
1.438331705	0.41725	5.76619
1.440002242	0.41651	5.75836
1.441676663	0.41578	5.75053
1.443354983	0.41505	5.74269
1.445037214	0.41431	5.73486
1.446723372	0.41358	5.72702
1.44841347	0.41286	5.71918
1.45010752	0.41213	5.71133
1.451805539	0.4114	5.70349
1.453507538	0.41068	5.69564
1.455213533	0.40996	5.68779
1.456923537	0.40924	5.67994
1.458637565	0.40852	5.67208
1.46035563	0.4078	5.66422
1.462077748	0.40708	5.65636
1.463803932	0.40637	5.6485
1.465534196	0.40565	5.64064
1.467268556	0.40494	5.63277
1.469007026	0.40423	5.6249
1.47074962	0.40352	5.61703
1.472496354	0.40281	5.60915
1.474247241	0.40211	5.60128
1.476002298	0.4014	5.5934
1.477761538	0.4007	5.58552
1.479524976	0.4	5.57763
1.481292628	0.3993	5.56975
1.48306451	0.3986	5.56186
1.484840635	0.3979	5.55397
1.486621019	0.3972	5.54607
1.488405678	0.39651	5.53818
1.490194627	0.39582	5.53028
1.491987882	0.39513	5.52237
1.493785458	0.39444	5.51447
1.49558737	0.39375	5.50656
1.497393635	0.39306	5.49865
1.499204268	0.39238	5.49074
1.501019286	0.39169	5.48283
1.502838703	0.39101	5.47491
1.504662536	0.39033	5.46699
1.506490802	0.38965	5.45907
1.508323516	0.38897	5.45114
1.510160694	0.3883	5.44321
1.512002354	0.38762	5.43528
1.51384851	0.38695	5.42735
1.515699181	0.38628	5.41941
1.517554382	0.38561	5.41147
1.51941413	0.38494	5.40353
1.521278442	0.38428	5.39559
1.523147334	0.38361	5.38764
1.525020824	0.38295	5.37969
1.526898929	0.38229	5.37174
1.528781665	0.38163	5.36378
1.530669049	0.38097	5.35582
1.5325611	0.38031	5.34786
1.534457834	0.37966	5.3399
1.536359269	0.379	5.33193
1.538265422	0.37835	5.32396
1.540176311	0.3777	5.31599
1.542091953	0.37705	5.30801
1.544012366	0.37641	5.30004
1.545937569	0.37576	5.29205
1.547867578	0.37512	5.28407
1.549802413	0.37448	5.27608
1.55174209	0.37384	5.26809
1.553686629	0.3732	5.2601
1.555636048	0.37256	5.2521
1.557590364	0.37193	5.2441
1.559549597	0.3713	5.2361
1.561513766	0.37066	5.22809
1.563482888	0.37003	5.22009
1.565456982	0.36941	5.21207
1.567436068	0.36878	5.20406
1.569420165	0.36816	5.19604
1.57140929	0.36753	5.18802
1.573403464	0.36691	5.18
1.575402706	0.36629	5.17197
1.577407036	0.36568	5.16394
1.579416471	0.36506	5.1559
1.581431033	0.36445	5.14787
1.583450741	0.36383	5.13983
1.585475614	0.36322	5.13178
1.587505672	0.36262	5.12374
1.589540936	0.36201	5.11569
1.591581425	0.3614	5.10763
1.593627159	0.3608	5.09958
1.59567816	0.3602	5.09152
1.597734446	0.3596	5.08345
1.599796039	0.359	5.07539
1.601862959	0.35841	5.06732
1.603935226	0.35782	5.05924
1.606012863	0.35722	5.05117
1.608095888	0.35663	5.04309
1.610184325	0.35605	5.035
1.612278192	0.35546	5.02692
1.614377513	0.35488	5.01883
1.616482308	0.35429	5.01073
1.618592598	0.35371	5.00263
1.620708405	0.35314	4.99453
1.622829751	0.35256	4.98643
1.624956658	0.35198	4.97832
1.627089147	0.35141	4.97021
1.62922724	0.35084	4.96209
1.631370961	0.35027	4.95397
1.633520329	0.34971	4.94585
1.635675369	0.34914	4.93772
1.637836103	0.34858	4.92959
1.640002553	0.34802	4.92146
1.642174742	0.34746	4.91332
1.644352692	0.3469	4.90518
1.646536428	0.34635	4.89703
1.648725971	0.3458	4.88888
1.650921345	0.34525	4.88073
1.653122573	0.3447	4.87257
1.65532968	0.34415	4.86441
1.657542687	0.34361	4.85624
1.65976162	0.34307	4.84808
1.661986501	0.34253	4.8399
1.664217356	0.34199	4.83173
1.666454207	0.34146	4.82354
1.668697079	0.34092	4.81536
1.670945997	0.34039	4.80717
1.673200985	0.33986	4.79898
1.675462068	0.33934	4.79078
1.677729269	0.33881	4.78258
1.680002615	0.33829	4.77437
1.68228213	0.33777	4.76616
1.68456784	0.33725	4.75795
1.686859769	0.33674	4.74973
1.689157943	0.33622	4.74151
1.691462387	0.33571	4.73328
1.693773128	0.3352	4.72505
1.696090192	0.3347	4.71682
1.698413603	0.33419	4.70858
1.700743388	0.33369	4.70033
1.703079574	0.33319	4.69209
1.705422187	0.33269	4.68383
1.707771253	0.3322	4.67558
1.7101268	0.33171	4.66732
1.712488854	0.33122	4.65905
1.714857441	0.33073	4.65078
1.71723259	0.33024	4.6425
1.719614327	0.32976	4.63422
1.722002681	0.32928	4.62594
1.724397677	0.3288	4.61765
1.726799345	0.32833	4.60936
1.729207713	0.32786	4.60106
1.731622807	0.32738	4.59275
1.734044657	0.32692	4.58445
1.736473291	0.32645	4.57613
1.738908738	0.32599	4.56782
1.741351025	0.32553	4.55949
1.743800183	0.32507	4.55117
1.746256239	0.32462	4.54283
1.748719224	0.32416	4.5345
1.751189167	0.32372	4.52615
1.753666096	0.32327	4.51781
1.756150042	0.32282	4.50945
1.758641035	0.32238	4.5011
1.761139105	0.32194	4.49273
1.763644282	0.32151	4.48437
1.766156595	0.32107	4.47599
1.768676077	0.32064	4.46762
1.771202757	0.32022	4.45923
1.773736667	0.31979	4.45084
1.776277837	0.31937	4.44245
1.778826298	0.31895	4.43405
1.781382083	0.31853	4.42565
1.783945223	0.31812	4.41724
1.786515749	0.31771	4.40882
1.789093694	0.3173	4.4004
1.79167909	0.3169	4.39197
1.794271968	0.31649	4.38354
1.796872362	0.3161	4.3751
1.799480305	0.3157	4.36666
1.802095828	0.31531	4.35821
1.804718967	0.31492	4.34975
1.807349752	0.31453	4.34129
1.809988219	0.31415	4.33283
1.812634401	0.31377	4.32435
1.815288331	0.31339	4.31587
1.817950044	0.31302	4.30739
1.820619574	0.31264	4.2989
1.823296956	0.31228	4.2904
1.825982224	0.31191	4.2819
1.828675413	0.31155	4.27339
1.831376558	0.31119	4.26488
1.834085695	0.31084	4.25636
1.836802859	0.31049	4.24783
1.839528086	0.31014	4.2393
1.842261412	0.3098	4.23076
1.845002872	0.30946	4.22221
1.847752504	0.30912	4.21366
1.850510343	0.30878	4.2051
1.853276428	0.30845	4.19653
1.856050793	0.30813	4.18796
1.858833478	0.3078	4.17938
1.86162452	0.30748	4.1708
1.864423955	0.30717	4.1622
1.867231822	0.30686	4.1536
1.87004816	0.30655	4.145
1.872873006	0.30624	4.13639
1.875706399	0.30594	4.12777
1.878548379	0.30564	4.11914
1.881398983	0.30535	4.11051
1.884258252	0.30506	4.10187
1.887126225	0.30477	4.09322
1.890002942	0.30449	4.08456
1.892888443	0.30422	4.0759
1.895782768	0.30394	4.06723
1.898685957	0.30367	4.05855
1.901598052	0.30341	4.04987
1.904519094	0.30315	4.04118
1.907449123	0.30289	4.03248
1.910388182	0.30263	4.02377
1.913336312	0.30239	4.01506
1.916293555	0.30214	4.00633
1.919259954	0.3019	3.9976
1.92223555	0.30167	3.98887
1.925220388	0.30143	3.98012
1.92821451	0.30121	3.97137
1.93121796	0.30098	3.96261
1.93423078	0.30077	3.95384
1.937253016	0.30055	3.94506
1.94028471	0.30034	3.93627
1.943325909	0.30014	3.92748
1.946376656	0.29994	3.91867
1.949436997	0.29975	3.90986
1.952506976	0.29956	3.90104
1.95558664	0.29937	3.89222
1.958676035	0.29919	3.88338
1.961775206	0.29902	3.87453
1.9648842	0.29885	3.86568
1.968003063	0.29868	3.85681
1.971131844	0.29852	3.84794
1.974270589	0.29837	3.83906
1.977419346	0.29822	3.83017
1.980578163	0.29808	3.82127
1.983747088	0.29794	3.81236
1.98692617	0.29781	3.80345
1.990115457	0.29768	3.79452
1.993315	0.29756	3.78558
1.996524847	0.29744	3.77663
1.999745048	0.29733	3.76768
2.002975654	0.29722	3.75871
2.006216715	0.29713	3.74974
2.009468282	0.29703	3.74075
2.012730406	0.29694	3.73176
2.016003138	0.29686	3.72275
2.019286531	0.29679	3.71374
2.022580636	0.29672	3.70471
2.025885507	0.29666	3.69567
2.029201195	0.2966	3.68663
2.032527754	0.29655	3.67757
2.035865238	0.29651	3.6685
2.039213701	0.29647	3.65943
2.042573196	0.29644	3.65034
2.045943779	0.29642	3.64124
2.049325504	0.2964	3.63213
2.052718427	0.29639	3.623
2.056122604	0.29639	3.61387
2.05953809	0.29639	3.60473
2.062964942	0.2964	3.59557
2.066403217	0.29642	3.5864
2.069852972	0.29644	3.57722
2.073314264	0.29648	3.56803
2.076787152	0.29652	3.55883
2.080271695	0.29657	3.54961
2.08376795	0.29662	3.54039
2.087275976	0.29669	3.53115
2.090795835	0.29676	3.5219
2.094327584	0.29684	3.51263
2.097871286	0.29693	3.50336
2.101427	0.29702	3.49407
2.104994788	0.29713	3.48477
2.108574711	0.29724	3.47545
2.112166831	0.29736	3.46613
2.115771212	0.29749	3.45679
2.119387915	0.29763	3.44743
2.123017003	0.29778	3.43806
2.126658542	0.29794	3.42868
2.130312595	0.2981	3.41929
2.133979225	0.29828	3.40988
2.1376585	0.29846	3.40046
2.141350484	0.29866	3.39102
2.145055242	0.29886	3.38157
2.148772842	0.29908	3.37211
2.152503351	0.2993	3.36263
2.156246835	0.29954	3.35313
2.160003362	0.29978	3.34362
2.163773002	0.30004	3.3341
2.167555822	0.30031	3.32456
2.171351891	0.30058	3.31501
2.175161281	0.30087	3.30544
2.17898406	0.30117	3.29585
2.182820299	0.30148	3.28625
2.186670071	0.30181	3.27663
2.190533445	0.30214	3.267
2.194410496	0.30249	3.25735
2.198301294	0.30284	3.24769
2.202205915	0.30322	3.238
2.206124431	0.3036	3.2283
2.210056916	0.304	3.21859
2.214003446	0.3044	3.20885
2.217964097	0.30483	3.1991
2.221938943	0.30526	3.18934
2.225928061	0.30571	3.17955
2.229931529	0.30618	3.16975
2.233949423	0.30665	3.15993
2.237981823	0.30714	3.15009
2.242028807	0.30765	3.14023
2.246090453	0.30817	3.13035
2.250166842	0.30871	3.12045
2.254258055	0.30926	3.11054
2.258364171	0.30983	3.10061
2.262485274	0.31041	3.09065
2.266621444	0.31101	3.08068
2.270772766	0.31163	3.07068
2.274939321	0.31226	3.06067
2.279121195	0.31291	3.05064
2.283318471	0.31358	3.04058
2.287531236	0.31426	3.03051
2.291759575	0.31497	3.02041
2.296003574	0.31569	3.01029
2.300263321	0.31643	3.00015
2.304538903	0.31719	2.98999
2.30883041	0.31797	2.97981
2.313137929	0.31877	2.9696
2.317461551	0.31959	2.95938
2.321801367	0.32043	2.94913
2.326157467	0.32129	2.93885
2.330529944	0.32218	2.92855
2.334918889	0.32308	2.91823
2.339324396	0.32401	2.90789
2.34374656	0.32496	2.89752
2.348185473	0.32594	2.88713
2.352641233	0.32694	2.87671
2.357113935	0.32796	2.86627
2.361603676	0.32901	2.8558
2.366110553	0.33008	2.8453
2.370634665	0.33118	2.83478
2.375176111	0.33231	2.82424
2.37973499	0.33346	2.81367
2.384311404	0.33465	2.80307
2.388905453	0.33586	2.79244
2.393517239	0.3371	2.78179
2.398146867	0.33836	2.77111
2.402794438	0.33966	2.7604
2.407460058	0.341	2.74966
2.412143833	0.34236	2.7389
2.416845867	0.34375	2.7281
2.42156627	0.34518	2.71728
2.426305147	0.34665	2.70643
2.431062608	0.34814	2.69554
2.435838762	0.34968	2.68463
2.44063372	0.35125	2.67369
2.445447594	0.35286	2.66271
2.450280494	0.35451	2.65171
2.455132535	0.35619	2.64067
2.460003829	0.35792	2.6296
2.464894493	0.35969	2.6185
2.469804641	0.3615	2.60737
2.474734391	0.36336	2.5962
2.47968386	0.36526	2.585
2.484653166	0.36721	2.57377
2.48964243	0.3692	2.56251
2.494651771	0.37124	2.55121
2.49968131	0.37334	2.53987
2.504731172	0.37548	2.52851
2.509801478	0.37768	2.5171
2.514892353	0.37993	2.50567
2.520003923	0.38224	2.49419
2.525136314	0.3846	2.48269
2.530289653	0.38702	2.47114
2.53546407	0.38951	2.45956
2.540659693	0.39205	2.44795
2.545876653	0.39466	2.4363
2.551115082	0.39734	2.42461
2.556375113	0.40009	2.41288
2.56165688	0.4029	2.40113
2.566960518	0.40579	2.38933
2.572286162	0.40875	2.3775
2.57763395	0.41179	2.36563
2.583004021	0.4149	2.35372
2.588396514	0.4181	2.34178
2.593811569	0.42138	2.32981
2.599249329	0.42475	2.3178
2.604709937	0.42821	2.30575
2.610193537	0.43176	2.29367
2.615700274	0.4354	2.28156
2.621230296	0.43914	2.26941
2.62678375	0.44298	2.25723
2.632360786	0.44693	2.24502
2.637961553	0.45099	2.23278
2.643586205	0.45515	2.22051
2.649234893	0.45943	2.20821
2.654907773	0.46383	2.19588
2.660605	0.46835	2.18353
2.666326731	0.47299	2.17116
2.672073125	0.47777	2.15876
2.677844341	0.48268	2.14635
2.683640541	0.48772	2.13392
2.689461887	0.49291	2.12148
2.695308543	0.49824	2.10903
2.701180675	0.50373	2.09657
2.70707845	0.50936	2.08411
2.713002035	0.51516	2.07165
2.718951601	0.52112	2.05919
2.724927319	0.52725	2.04675
2.730929361	0.53355	2.03432
2.736957903	0.54003	2.02191
2.743013119	0.54668	2.00953
2.749095188	0.55352	1.99718
2.755204289	0.56055	1.98487
2.761340601	0.56776	1.97261
2.767504308	0.57517	1.9604
2.773695593	0.58278	1.94826
2.779914641	0.59059	1.93619
2.78616164	0.5986	1.92421
2.792436779	0.60681	1.91231
2.798740248	0.61522	1.90052
2.80507224	0.62384	1.88883
2.811432948	0.63266	1.87727
2.817822568	0.64169	1.86584
2.824241298	0.65092	1.85456
2.830689338	0.66034	1.84343
2.837166888	0.66996	1.83246
2.843674151	0.67978	1.82167
2.850211333	0.68978	1.81108
2.856778641	0.69996	1.80068
2.863376282	0.71032	1.79049
2.870004468	0.72084	1.78053
2.876663411	0.73153	1.7708
2.883353326	0.74236	1.76131
2.890074429	0.75334	1.75208
2.896826939	0.76444	1.74311
2.903611077	0.77566	1.73441
2.910427066	0.78698	1.72599
2.917275129	0.7984	1.71785
2.924155495	0.80989	1.71001
2.931068392	0.82145	1.70246
2.938014052	0.83305	1.69521
2.944992708	0.84469	1.68827
2.952004595	0.85634	1.68164
2.959049952	0.86799	1.6753
2.966129019	0.87963	1.66928
2.973242038	0.89123	1.66355
2.980389255	0.90278	1.65812
2.987570916	0.91427	1.65299
2.994787271	0.92569	1.64814
3.002038571	0.937	1.64356
3.009325073	0.94822	1.63926
3.016647032	0.95931	1.63521
3.024004707	0.97028	1.63141
3.031398362	0.98111	1.62785
3.03882826	0.9918	1.62451
3.046294668	1.00233	1.62137
3.053797857	1.0127	1.61844
3.061338099	1.02291	1.61569
3.068915668	1.03295	1.61311
3.076530844	1.04283	1.6107
3.084183905	1.05255	1.60843
3.091875137	1.06209	1.60629
3.099604825	1.07148	1.60428
3.107373258	1.0807	1.60239
3.115180729	1.08976	1.60061
3.123027531	1.09867	1.59892
3.130913965	1.10743	1.59733
3.138840329	1.11605	1.59583
3.146806929	1.12452	1.5944
3.154814071	1.13286	1.59305
3.162862066	1.14106	1.59178
3.170951228	1.14913	1.59057
3.179081872	1.15708	1.58943
3.187254319	1.16491	1.58835
3.195468892	1.17262	1.58734
3.203725917	1.18021	1.58638
3.212025725	1.1877	1.58549
3.220368649	1.19507	1.58466
3.228755026	1.20234	1.58389
3.237185196	1.2095	1.58317
3.245659503	1.21656	1.58252
3.254178294	1.22352	1.58192
3.262741921	1.23038	1.58139
3.271350739	1.23714	1.58091
3.280005106	1.2438	1.58049
3.288705385	1.25036	1.58014
3.297451941	1.25682	1.57984
3.306245147	1.26318	1.5796
3.315085374	1.26945	1.57943
3.323973003	1.27561	1.57931
3.332908414	1.28167	1.57925
3.341891995	1.28762	1.57925
3.350924135	1.29348	1.57932
3.36000523	1.29923	1.57944
3.369135679	1.30487	1.57961
3.378315886	1.31041	1.57985
3.387546257	1.31584	1.58014
3.396827205	1.32116	1.58049
3.406159148	1.32637	1.58088
3.415542507	1.33147	1.58134
3.424977707	1.33645	1.58184
3.43446518	1.34132	1.58239
3.444005361	1.34608	1.58299
3.453598691	1.35071	1.58363
3.463245615	1.35523	1.58432
3.472946583	1.35962	1.58505
3.482702051	1.3639	1.58582
3.492512479	1.36805	1.58662
3.502378333	1.37208	1.58746
3.512300085	1.37599	1.58834
3.52227821	1.37977	1.58924
3.532313191	1.38343	1.59017
3.542405514	1.38696	1.59112
3.552555673	1.39036	1.5921
3.562764167	1.39363	1.59309
3.573031499	1.39678	1.5941
3.583358179	1.3998	1.59513
3.593744725	1.40269	1.59616
3.604191657	1.40546	1.5972
3.614699504	1.4081	1.59825
3.625268801	1.41061	1.5993
3.635900088	1.41299	1.60035
3.646593912	1.41525	1.60139
3.657350826	1.41738	1.60243
3.668171391	1.41938	1.60346
3.679056172	1.42126	1.60448
3.690005744	1.42302	1.60549
3.701020687	1.42466	1.60647
3.712101587	1.42617	1.60744
3.723249039	1.42756	1.60839
3.734463645	1.42883	1.60931
3.745746012	1.42999	1.61021
3.757096758	1.43103	1.61107
3.768516505	1.43195	1.61191
3.780005884	1.43276	1.61271
3.791565535	1.43345	1.61347
3.803196104	1.43404	1.6142
3.814898246	1.43451	1.61489
3.826672623	1.43488	1.61553
3.838519907	1.43514	1.61614
3.850440776	1.4353	1.61669
3.862435919	1.43535	1.6172
3.874506031	1.4353	1.61766
3.886651818	1.43516	1.61808
3.898873994	1.43491	1.61843
3.911173281	1.43457	1.61874
3.923550411	1.43414	1.61899
3.936006127	1.43362	1.61919
3.948541178	1.433	1.61933
3.961156326	1.4323	1.61941
3.97385234	1.43151	1.61943
3.98663	1.43063	1.61939
3.999490097	1.42968	1.61929
4.01243343	1.42864	1.61913
4.025460812	1.42752	1.6189
4.038573062	1.42633	1.61862
4.051771013	1.42506	1.61826
4.065055508	1.42372	1.61784
4.078427401	1.42231	1.61736
4.091887558	1.42082	1.61681
4.105436854	1.41927	1.61619
4.119076179	1.41765	1.61551
4.132806433	1.41596	1.61476
4.146628528	1.41422	1.61394
4.160543389	1.41241	1.61305
4.174551953	1.41054	1.6121
4.188655169	1.40861	1.61107
4.202854	1.40663	1.60997
4.217149422	1.40459	1.60881
4.231542423	1.4025	1.60758
4.246034007	1.40035	1.60627
4.260625189	1.39816	1.6049
4.275317	1.39591	1.60345
4.290110484	1.39362	1.60194
4.305006701	1.39128	1.60035
4.320006725	1.3889	1.5987
4.335111643	1.38647	1.59698
4.350322561	1.384	1.59518
4.365640599	1.38149	1.59332
4.38106689	1.37894	1.59138
4.396602589	1.37635	1.58938
4.412248861	1.37372	1.5873
4.428006893	1.37106	1.58516
4.443877885	1.36837	1.58294
4.459863058	1.36564	1.58066
4.475963646	1.36287	1.5783
4.492180906	1.36008	1.57588
4.508516109	1.35726	1.57339
4.524970547	1.3544	1.57083
4.541545531	1.35152	1.5682
4.55824239	1.34861	1.5655
4.575062472	1.34568	1.56273
4.592007148	1.34272	1.55989
