%% ev n k
1.240705568	0.056569	7.379783
1.242705222	0.056418	7.367441
1.244605125	0.056267	7.355078
1.246604845	0.056116	7.342694
1.248505385	0.055966	7.330289
1.250505055	0.055815	7.317931
1.252504814	0.055666	7.305484
1.254405632	0.055516	7.293153
1.256405164	0.055366	7.280732
1.258404694	0.055217	7.268291
1.260405474	0.055069	7.255896
1.262404913	0.05492	7.243481
1.264405549	0.054772	7.231113
1.266404775	0.054624	7.218725
1.268405142	0.054476	7.206245
1.27050557	0.054329	7.193883
1.272504557	0.054182	7.18143
1.274504604	0.054035	7.169025
1.276605581	0.053889	7.156599
1.278605364	0.053743	7.144151
1.280705343	0.053597	7.131681
1.282805594	0.053451	7.11926
1.284804893	0.053306	7.106817
1.286905265	0.053161	7.094352
1.289005815	0.053016	7.081936
1.291105166	0.052872	7.069498
1.293204623	0.052728	7.057038
1.295305505	0.052584	7.044556
1.297405079	0.052441	7.032123
1.299605458	0.052298	7.019597
1.301705339	0.052155	7.007119
1.303805162	0.052012	6.994691
1.306005311	0.05187	6.982169
1.30810524	0.051728	6.969697
1.310304705	0.051587	6.957202
1.312504631	0.051445	6.944757
1.314704987	0.051304	6.932289
1.316805037	0.051164	6.919727
1.319005815	0.051023	6.907286
1.321205514	0.050883	6.894751
1.3234055	0.050743	6.882265
1.325605738	0.050604	6.869757
1.327905741	0.050464	6.857226
1.330105284	0.050325	6.844745
1.332304968	0.050188	6.832168
1.334605312	0.050049	6.819641
1.336805503	0.049911	6.807165
1.339105518	0.049773	6.794592
1.341404754	0.049636	6.782069
1.343605599	0.0495	6.769524
1.345905716	0.049363	6.757029
1.348204926	0.049226	6.744436
1.350506121	0.04909	6.731895
1.352804852	0.048955	6.71933
1.355206219	0.048819	6.706816
1.357506129	0.048685	6.694204
1.35980491	0.04855	6.681643
1.362205771	0.048416	6.669134
1.364505493	0.048281	6.656525
1.366904912	0.048147	6.643969
1.369205421	0.048014	6.631388
1.371606238	0.047881	6.618783
1.374004832	0.047748	6.60623
1.376405717	0.047616	6.593654
1.378805807	0.047484	6.581053
1.38120505	0.047352	6.568428
1.383604937	0.047221	6.555855
1.386005431	0.04709	6.543257
1.388506007	0.046959	6.530636
1.390906388	0.046829	6.51799
1.393405904	0.046699	6.505396
1.395805986	0.046569	6.492778
1.398305811	0.04644	6.480136
1.40080511	0.04631	6.467545
1.403305418	0.046182	6.454931
1.405805104	0.046053	6.442292
1.408305713	0.045926	6.429627
1.410805601	0.045798	6.417016
1.413306325	0.045671	6.404302
1.415906475	0.045543	6.391719
1.418405858	0.045417	6.379033
1.421005279	0.045291	6.3664
1.423506368	0.045165	6.353742
1.42610649	0.045039	6.341059
1.428706251	0.044915	6.32835
1.431305593	0.044789	6.315695
1.433906118	0.044664	6.303015
1.436506125	0.044541	6.290309
1.439105555	0.044416	6.277657
1.441806621	0.044293	6.264979
1.444405094	0.04417	6.252276
1.44710584	0.044047	6.239546
1.449706515	0.043925	6.226872
1.452406724	0.043803	6.214171
1.455105056	0.043681	6.201444
1.457806577	0.04356	6.188691
1.460506104	0.043439	6.175993
1.463205287	0.043319	6.163268
1.465905799	0.043199	6.150518
1.468706763	0.043079	6.137822
1.471406684	0.042959	6.1251
1.474205941	0.04284	6.112351
1.476906785	0.042722	6.099576
1.479705836	0.042603	6.086856
1.482506654	0.042485	6.074109
1.485305639	0.042368	6.061336
1.488106283	0.042251	6.048536
1.490906752	0.042134	6.035791
1.493705183	0.042017	6.02302
1.496606268	0.041901	6.010221
1.49940621	0.041786	5.997478
1.502305839	0.04167	5.984709
1.505205741	0.041555	5.971911
1.508105853	0.041441	5.959087
1.511006113	0.041326	5.946319
1.513906458	0.041213	5.933523
1.516806825	0.0411	5.9207
1.519705288	0.040987	5.907849
1.522706478	0.040875	5.895055
1.525606903	0.040763	5.882233
1.528606971	0.040651	5.869383
1.531605617	0.040539	5.85659
1.534606554	0.040429	5.843769
1.537605925	0.040318	5.83092
1.540605558	0.040208	5.818042
1.543605386	0.040098	5.805222
1.546705672	0.039989	5.792374
1.549706082	0.03988	5.779497
1.552805665	0.039772	5.766592
1.555806384	0.039664	5.753744
1.558906921	0.039556	5.740868
1.562006065	0.039449	5.727963
1.565206469	0.039342	5.715116
1.56830693	0.039235	5.70224
1.571405758	0.03913	5.689335
1.574606839	0.039025	5.676401
1.577706546	0.038919	5.663525
1.58090717	0.038814	5.65062
1.584106639	0.038711	5.637686
1.587306891	0.038607	5.62481
1.590505818	0.038503	5.611905
1.593805758	0.0384	5.598971
1.597006274	0.038298	5.586006
1.600306419	0.038196	5.573101
1.603506163	0.038095	5.560077
1.606806182	0.037993	5.547201
1.610107267	0.037893	5.534206
1.613407247	0.037793	5.521271
1.61680722	0.037693	5.508305
1.620107228	0.037594	5.495308
1.623505765	0.037495	5.482372
1.626807587	0.037397	5.469314
1.630206457	0.037299	5.456317
1.633606645	0.037201	5.44338
1.637005916	0.037105	5.43032
1.640506185	0.037008	5.417321
1.643905925	0.036912	5.404384
1.647407339	0.036817	5.391322
1.650807198	0.036721	5.378322
1.6543072	0.036626	5.36529
1.657806558	0.036532	5.352227
1.661307396	0.036439	5.339225
1.664905767	0.036346	5.326192
1.668407497	0.036254	5.313127
1.672007412	0.036161	5.300029
1.675607043	0.03607	5.286994
1.679206288	0.035979	5.273926
1.682807323	0.035888	5.260826
1.68640778	0.035798	5.247788
1.690007551	0.035708	5.234623
1.693706013	0.03562	5.22152
1.697406754	0.035531	5.20848
1.701107365	0.035443	5.195311
1.704807739	0.035356	5.182205
1.708507765	0.035268	5.169163
1.712207335	0.035182	5.15599
1.716006084	0.035096	5.142882
1.719807413	0.035011	5.129739
1.723606452	0.034926	5.116563
1.727407872	0.034842	5.103451
1.731206758	0.034758	5.090305
1.735007822	0.034675	5.077125
1.738906093	0.034593	5.063911
1.742807222	0.034511	5.050761
1.746706207	0.034429	5.037577
1.750607847	0.034348	5.024359
1.754507092	0.034267	5.011205
1.75840629	0.034188	4.997916
1.762408031	0.034109	4.984793
1.766407894	0.03403	4.971535
1.770408258	0.033952	4.958342
1.774406467	0.033876	4.945012
1.77850696	0.033798	4.93185
1.782505995	0.033722	4.91855
1.786608009	0.033646	4.905317
1.790708255	0.033571	4.892047
1.794806578	0.033497	4.878742
1.798908044	0.033423	4.865503
1.803106962	0.03335	4.852228
1.807307086	0.033277	4.838916
1.811407725	0.033206	4.825568
1.815707811	0.033135	4.812286
1.819908142	0.033064	4.798968
1.824106482	0.032995	4.785613
1.828407821	0.032925	4.772325
1.83270782	0.032856	4.759
1.837006318	0.032788	4.745637
1.841308619	0.032721	4.732237
1.84570805	0.032655	4.718905
1.850106469	0.032588	4.705535
1.854506483	0.032524	4.692127
1.858907967	0.032459	4.678681
1.86330799	0.032396	4.665303
1.867807676	0.032332	4.651886
1.872306528	0.03227	4.638539
1.876807218	0.032208	4.625045
1.881306759	0.032147	4.611619
1.885807849	0.032087	4.598155
1.890408348	0.032028	4.58476
1.895008177	0.03197	4.571217
1.899607162	0.031912	4.557743
1.904307491	0.031854	4.544339
1.908907693	0.031798	4.530785
1.913606961	0.031741	4.517301
1.918308648	0.031687	4.503777
1.923006651	0.031633	4.490212
1.927808651	0.03158	4.476717
1.932607581	0.031527	4.463182
1.93740927	0.031476	4.449606
1.942207497	0.031424	4.4361
1.94710905	0.031374	4.422554
1.951909408	0.031325	4.408966
1.956807611	0.031277	4.395336
1.961808061	0.03123	4.381664
1.966709337	0.031183	4.368063
1.97170728	0.031138	4.354534
1.976708629	0.031093	4.340849
1.981706908	0.031049	4.327235
1.986806935	0.031006	4.313579
1.99180848	0.030964	4.299879
1.996909241	0.030923	4.286135
2.002107317	0.030883	4.272465
2.007209036	0.030844	4.25875
2.01240868	0.030805	4.245109
2.017609066	0.030768	4.231306
2.022909008	0.030731	4.217576
2.028107477	0.030696	4.203801
2.033409432	0.030662	4.1901
2.038709009	0.030627	4.176355
2.044107052	0.030595	4.162564
2.049506653	0.030564	4.148727
2.054907609	0.030534	4.134965
2.060309716	0.030506	4.121035
2.065809139	0.030476	4.107302
2.071306855	0.030449	4.0934
2.07680956	0.030424	4.079574
2.082408031	0.030398	4.065701
2.087910182	0.030374	4.05178
2.09360763	0.030353	4.037811
2.099208298	0.030331	4.023918
2.104906906	0.030311	4.009977
2.110607794	0.030293	3.995988
2.116307135	0.030274	3.982074
2.12210998	0.030257	3.968112
2.127908214	0.030242	3.954101
2.133708844	0.030228	3.94004
2.139607644	0.030215	3.926056
2.145509448	0.030203	3.912022
2.151410302	0.030194	3.897937
2.15740752	0.030185	3.88393
2.163408067	0.030178	3.869743
2.169407924	0.030171	3.855634
2.17550986	0.030166	3.841603
2.181607832	0.030163	3.827389
2.187709203	0.030161	3.813254
2.193910792	0.03016	3.799067
2.200108599	0.030161	3.784958
2.206310114	0.030164	3.770664
2.212609863	0.030168	3.756449
2.218909951	0.030174	3.74218
2.225210075	0.03018	3.72799
2.231610342	0.030188	3.713746
2.238007134	0.030199	3.699448
2.244509777	0.030211	3.685093
2.251009448	0.030225	3.670683
2.257509878	0.030241	3.656353
2.264109976	0.030257	3.641966
2.270707193	0.030277	3.627522
2.277409898	0.030296	3.613159
2.284110211	0.030319	3.598739
2.290807739	0.030342	3.58426
2.2975106	0.030369	3.569723
2.304411262	0.030397	3.555267
2.311211317	0.030426	3.540752
2.318107966	0.030458	3.526177
2.325011017	0.030492	3.511542
2.332007937	0.030528	3.496989
2.339007384	0.030567	3.482375
2.346111125	0.030607	3.467699
2.353209015	0.030648	3.453106
2.360309543	0.030694	3.438305
2.36751182	0.03074	3.423587
2.374708153	0.030789	3.408804
2.382007858	0.03084	3.394105
2.389311138	0.030894	3.379342
2.396710302	0.030949	3.364515
2.404108819	0.031008	3.349621
2.411609442	0.031069	3.334661
2.419109814	0.031133	3.319785
2.426609491	0.031198	3.304841
2.434208382	0.031268	3.289829
2.441907917	0.031338	3.274902
2.449607916	0.031413	3.259906
2.457307925	0.03149	3.244841
2.465110407	0.031571	3.229705
2.473011922	0.031653	3.214499
2.480810365	0.031739	3.199376
2.488808015	0.031829	3.184182
2.496812144	0.031921	3.168914
2.504812257	0.032016	3.1537
2.51290964	0.032115	3.138396
2.521110808	0.032217	3.123065
2.529308924	0.032323	3.107691
2.537612467	0.032431	3.092273
2.545907975	0.032545	3.076826
2.554210538	0.032661	3.061334
2.562710442	0.032781	3.045796
2.571112475	0.032905	3.030228
2.579709331	0.033032	3.014613
2.588309834	0.033165	2.99895
2.596908041	0.033301	2.983238
2.605612846	0.033441	2.967494
2.614409281	0.033586	2.951699
2.623209809	0.033734	2.935871
2.632108898	0.033889	2.919974
2.641107954	0.034047	2.904042
2.650112109	0.034212	2.888057
2.659109432	0.03438	2.872017
2.668311611	0.034553	2.855923
2.677508314	0.034732	2.839772
2.686710411	0.034915	2.823583
2.696110815	0.035105	2.807318
2.705411928	0.035301	2.791012
2.714908218	0.035502	2.774646
2.724411542	0.03571	2.758201
2.734011775	0.035923	2.741713
2.743710264	0.036143	2.725143
2.753410542	0.036368	2.708528
2.763210444	0.036602	2.691828
2.773111368	0.036842	2.675081
2.783008534	0.037088	2.658247
2.79301435	0.037345	2.641343
2.803111385	0.037607	2.624369
2.813211473	0.037876	2.607304
2.823513203	0.038156	2.590185
2.833812932	0.038442	2.572951
2.844109787	0.038738	2.555661
2.854613187	0.039042	2.538272
2.865108379	0.039357	2.520803
2.875714378	0.039681	2.503233
2.886412631	0.040015	2.485579
2.89721109	0.040358	2.467819
2.9080088	0.040713	2.449971
2.919010992	0.041079	2.432013
2.930013659	0.041457	2.413943
2.941113539	0.041847	2.395757
2.952213481	0.042249	2.377474
2.963510855	0.042663	2.359051
2.974909302	0.043091	2.340525
2.986309454	0.043534	2.321873
2.997811811	0.043991	2.303071
3.009410423	0.044465	2.284158
3.021113856	0.044952	2.265087
3.032908674	0.045457	2.245878
3.044810904	0.04598	2.226503
3.056814456	0.046521	2.206981
3.068913025	0.047081	2.187285
3.081115402	0.047661	2.167411
3.093314871	0.048261	2.147377
3.105712461	0.048885	2.127155
3.118209826	0.049529	2.10674
3.130816082	0.050199	2.086102
3.143413103	0.050894	2.065258
3.15621635	0.051617	2.044203
3.169116219	0.052368	2.022904
3.1821138	0.053149	2.001356
3.195210201	0.053964	1.979574
3.208414847	0.05481	1.957499
3.221712344	0.055693	1.935149
3.235112082	0.056615	1.912487
3.248615238	0.057575	1.889528
3.262317426	0.058581	1.866208
3.276014501	0.059635	1.842541
3.289914372	0.060737	1.818485
3.30391509	0.061893	1.794054
3.318017721	0.063108	1.769176
3.332214395	0.064386	1.743859
3.346614374	0.065731	1.718057
3.361112015	0.067151	1.691718
3.375717428	0.06865	1.664816
3.390413244	0.070241	1.637295
3.405312394	0.071926	1.609153
3.420314763	0.073724	1.580296
3.435411829	0.075639	1.550652
3.450709988	0.077693	1.520143
3.466115934	0.079899	1.488752
3.481611174	0.082283	1.456321
3.497314634	0.084868	1.422745
3.51311062	0.087693	1.387909
3.529110213	0.090798	1.351682
3.545215656	0.094246	1.313843
3.561417619	0.098118	1.274177
3.577809649	0.102516	1.23244
3.594415792	0.107594	1.188308
3.6111137	0.113554	1.1414
3.628009937	0.120704	1.091178
3.645011451	0.129481	1.037143
3.662216328	0.14055	0.97844
3.679518873	0.154931	0.914245
3.697018762	0.174238	0.843474
3.714719294	0.20113	0.765051
3.732612609	0.240065	0.67844
3.750611062	0.298067	0.58564
3.768818299	0.382743	0.495542
3.787110628	0.492549	0.424405
3.805709883	0.612813	0.381234
3.824410151	0.730903	0.361827
3.843318929	0.842354	0.359249
3.862415616	0.946569	0.368853
3.881715178	1.043865	0.387986
3.901220855	1.13455	0.415094
3.920911155	1.218708	0.449164
3.940813751	1.296262	0.489484
3.96091943	1.366941	0.535283
3.981218532	1.430477	0.585888
4.001713849	1.486491	0.640434
4.022421277	1.53469	0.698121
4.043317756	1.574833	0.75789
4.064512428	1.606893	0.818723
4.085917006	1.630915	0.879537
4.107412144	1.647161	0.939222
4.129313417	1.656109	0.996794
4.151310503	1.658402	1.051283
4.173613449	1.654832	1.101894
4.196214142	1.646328	1.14804
4.218917374	1.633876	1.189349
4.242012741	1.618481	1.225594
4.265215626	1.601122	1.256838
4.288822089	1.582676	1.283301
4.312616307	1.563903	1.305356
