% Gao 2013
% SiO2
0.9918776	1.469362	0
0.993467147	1.469369	0
0.995061798	1.469377	0
0.996661576	1.469384	0
0.998266506	1.469392	0
0.999876613	1.4694	0
1.001491922	1.469407	0
1.00311246	1.469415	0
1.00473825	1.469423	0
1.006369318	1.469431	0
1.008005691	1.469439	0
1.009647394	1.469447	0
1.011294454	1.469454	0
1.012946895	1.469462	0
1.014604746	1.46947	0
1.016268033	1.469478	0
1.017936782	1.469487	0
1.01961102	1.469495	0
1.021290774	1.469503	0
1.022976073	1.469511	0
1.024666942	1.469519	0
1.026363411	1.469528	0
1.028065506	1.469536	0
1.029773256	1.469544	0
1.031486689	1.469553	0
1.033205833	1.469561	0
1.034930718	1.46957	0
1.036661371	1.469578	0
1.038397822	1.469587	0
1.040140101	1.469595	0
1.041888235	1.469604	0
1.043642256	1.469613	0
1.045402192	1.469622	0
1.047168074	1.46963	0
1.048939932	1.469639	0
1.050717797	1.469648	0
1.052501698	1.469657	0
1.054291667	1.469666	0
1.056087734	1.469675	0
1.057889932	1.469684	0
1.059698291	1.469693	0
1.061512842	1.469702	0
1.063333619	1.469712	0
1.065160653	1.469721	0
1.066993976	1.46973	0
1.068833621	1.46974	0
1.07067962	1.469749	0
1.072532007	1.469758	0
1.074390815	1.469768	0
1.076256076	1.469778	0
1.078127826	1.469787	0
1.080006098	1.469797	0
1.081890925	1.469807	0
1.083782343	1.469816	0
1.085680385	1.469826	0
1.087585088	1.469836	0
1.089496485	1.469846	0
1.091414613	1.469856	0
1.093339506	1.469866	0
1.095271201	1.469876	0
1.097209735	1.469886	0
1.099155142	1.469896	0
1.10110746	1.469906	0
1.103066726	1.469917	0
1.105032977	1.469927	0
1.10700625	1.469937	0
1.108986583	1.469948	0
1.110974014	1.469958	0
1.112968582	1.469969	0
1.114970324	1.46998	0
1.116979279	1.46999	0
1.118995487	1.470001	0
1.121018987	1.470012	0
1.123049819	1.470023	0
1.125088022	1.470034	0
1.127133636	1.470045	0
1.129186703	1.470056	0
1.131247263	1.470067	0
1.133315356	1.470078	0
1.135391026	1.470089	0
1.137474312	1.4701	0
1.139565257	1.470112	0
1.141663904	1.470123	0
1.143770295	1.470135	0
1.145884473	1.470146	0
1.148006481	1.470158	0
1.150136364	1.470169	0
1.152274164	1.470181	0
1.154419926	1.470193	0
1.156573694	1.470205	0
1.158735514	1.470217	0
1.160905431	1.470229	0
1.16308349	1.470241	0
1.165269737	1.470253	0
1.167464218	1.470265	0
1.169666981	1.470277	0
1.171878072	1.47029	0
1.174097538	1.470302	0
1.176325427	1.470314	0
1.178561787	1.470327	0
1.180806667	1.47034	0
1.183060115	1.470352	0
1.18532218	1.470365	0
1.187592912	1.470378	0
1.189872361	1.470391	0
1.192160577	1.470404	0
1.194457611	1.470417	0
1.196763514	1.47043	0
1.199078337	1.470443	0
1.201402132	1.470456	0
1.203734951	1.47047	0
1.206076848	1.470483	0
1.208427875	1.470497	0
1.210788086	1.47051	0
1.213157534	1.470524	0
1.215536275	1.470538	0
1.217924361	1.470552	0
1.22032185	1.470566	0
1.222728797	1.47058	0
1.225145257	1.470594	0
1.227571287	1.470608	0
1.230006944	1.470622	0
1.232452286	1.470636	0
1.234907371	1.470651	0
1.237372255	1.470665	0
1.239847	1.47068	0
1.242331663	1.470695	0
1.244826305	1.470709	0
1.247330986	1.470724	0
1.249845766	1.470739	0
1.252370707	1.470754	0
1.25490587	1.470769	0
1.257451318	1.470785	0
1.260007114	1.4708	0
1.26257332	1.470815	0
1.26515	1.470831	0
1.267737219	1.470846	0
1.270335041	1.470862	0
1.272943532	1.470878	0
1.275562757	1.470894	0
1.278192784	1.47091	0
1.280833678	1.470926	0
1.283485507	1.470942	0
1.28614834	1.470958	0
1.288822245	1.470975	0
1.291507292	1.470991	0
1.294203549	1.471008	0
1.296911088	1.471025	0
1.299629979	1.471041	0
1.302360294	1.471058	0
1.305102105	1.471075	0
1.307855485	1.471092	0
1.310620507	1.47111	0
1.313397246	1.471127	0
1.316185775	1.471144	0
1.31898617	1.471162	0
1.321798507	1.47118	0
1.324622863	1.471197	0
1.327459315	1.471215	0
1.33030794	1.471233	0
1.333168817	1.471251	0
1.336042026	1.47127	0
1.338927646	1.471288	0
1.341825758	1.471307	0
1.344736443	1.471325	0
1.347659783	1.471344	0
1.350595861	1.471363	0
1.35354476	1.471382	0
1.356506565	1.471401	0
1.35948136	1.47142	0
1.362469231	1.471439	0
1.365470264	1.471459	0
1.368484547	1.471479	0
1.371512168	1.471498	0
1.374553215	1.471518	0
1.377607778	1.471538	0
1.380675947	1.471558	0
1.383757813	1.471579	0
1.386853468	1.471599	0
1.389963004	1.47162	0
1.393086517	1.47164	0
1.396224099	1.471661	0
1.399375847	1.471682	0
1.402541855	1.471703	0
1.405722222	1.471724	0
1.408917045	1.471746	0
1.412126424	1.471767	0
1.415350457	1.471789	0
1.418589245	1.471811	0
1.42184289	1.471833	0
1.425111494	1.471855	0
1.428395161	1.471877	0
1.431693995	1.4719	0
1.435008102	1.471922	0
1.438337587	1.471945	0
1.441682558	1.471968	0
1.445043124	1.471991	0
1.448419393	1.472014	0
1.451811475	1.472038	0
1.455219484	1.472061	0
1.458643529	1.472085	0
1.462083726	1.472109	0
1.465540189	1.472133	0
1.469013033	1.472157	0
1.472502375	1.472182	0
1.476008333	1.472206	0
1.479531026	1.472231	0
1.483070574	1.472256	0
1.486627098	1.472281	0
1.490200721	1.472306	0
1.493791566	1.472332	0
1.497399758	1.472357	0
1.501025424	1.472383	0
1.504668689	1.472409	0
1.508329684	1.472436	0
1.512008537	1.472462	0
1.515705379	1.472489	0
1.519420343	1.472515	0
1.523153563	1.472542	0
1.526905172	1.47257	0
1.530675309	1.472597	0
1.534464109	1.472625	0
1.538271712	1.472652	0
1.542098259	1.47268	0
1.54594389	1.472709	0
1.54980875	1.472737	0
1.553692982	1.472766	0
1.557596734	1.472795	0
1.561520151	1.472824	0
1.565463384	1.472853	0
1.569426582	1.472883	0
1.573409898	1.472912	0
1.577413486	1.472942	0
1.5814375	1.472973	0
1.585482097	1.473003	0
1.589547436	1.473034	0
1.593633676	1.473065	0
1.597740979	1.473096	0
1.601869509	1.473127	0
1.60601943	1.473159	0
1.610190909	1.473191	0
1.614384115	1.473223	0
1.618599217	1.473255	0
1.622836387	1.473288	0
1.627095801	1.473321	0
1.631377632	1.473354	0
1.635682058	1.473387	0
1.640009259	1.473421	0
1.644359416	1.473455	0
1.648732713	1.473489	0
1.653129333	1.473524	0
1.657549465	1.473559	0
1.661993298	1.473594	0
1.666461022	1.473629	0
1.67095283	1.473665	0
1.675468919	1.4737	0
1.680009485	1.473737	0
1.684574728	1.473773	0
1.68916485	1.47381	0
1.693780055	1.473847	0
1.698420548	1.473884	0
1.703086538	1.473922	0
1.707778237	1.47396	0
1.712495856	1.473998	0
1.717239612	1.474037	0
1.722009722	1.474076	0
1.726806407	1.474115	0
1.731629888	1.474155	0
1.736480392	1.474195	0
1.741358146	1.474235	0
1.74626338	1.474276	0
1.751196328	1.474317	0
1.756157224	1.474358	0
1.761146307	1.4744	0
1.766163818	1.474442	0
1.77121	1.474484	0
1.7762851	1.474527	0
1.781389368	1.47457	0
1.786523055	1.474614	0
1.791686416	1.474657	0
1.79687971	1.474702	0
1.802103198	1.474746	0
1.807357143	1.474791	0
1.812641813	1.474837	0
1.817957478	1.474883	0
1.823304412	1.474929	0
1.828682891	1.474975	0
1.834093195	1.475022	0
1.839535608	1.47507	0
1.845010417	1.475118	0
1.85051791	1.475166	0
1.856058383	1.475215	0
1.861632132	1.475264	0
1.867239458	1.475314	0
1.872880665	1.475364	0
1.878556061	1.475414	0
1.884265957	1.475465	0
1.890010671	1.475517	0
1.89579052	1.475568	0
1.901605828	1.475621	0
1.907456923	1.475674	0
1.913344136	1.475727	0
1.919267802	1.475781	0
1.925228261	1.475835	0
1.931225857	1.47589	0
1.937260938	1.475946	0
1.943333856	1.476001	0
1.949444969	1.476058	0
1.955594637	1.476115	0
1.961783228	1.476172	0
1.968011111	1.47623	0
1.974278662	1.476289	0
1.980586262	1.476348	0
1.986934295	1.476408	0
1.993323151	1.476468	0
1.999753226	1.476529	0
2.006224919	1.47659	0
2.012738636	1.476652	0
2.019294788	1.476715	0
2.025893791	1.476778	0
2.032536066	1.476842	0
2.039222039	1.476907	0
2.045952145	1.476972	0
2.052726821	1.477038	0
2.059546512	1.477104	0
2.066411667	1.477171	0
2.073322742	1.477239	0
2.080280201	1.477308	0
2.087284512	1.477377	0
2.094336149	1.477447	0
2.101435593	1.477517	0
2.108583333	1.477588	0
2.115779863	1.47766	0
2.123025685	1.477733	0
2.130321306	1.477807	0
2.137667241	1.477881	0
2.145064014	1.477956	0
2.152512153	1.478032	0
2.160012195	1.478108	0
2.167564685	1.478186	0
2.175170175	1.478264	0
2.182829225	1.478343	0
2.190542403	1.478423	0
2.198310284	1.478503	0
2.206133452	1.478585	0
2.2140125	1.478667	0
2.221948029	1.478751	0
2.229940647	1.478835	0
2.237990975	1.47892	0
2.246099638	1.479006	0
2.254267273	1.479093	0
2.262494526	1.479181	0
2.270782051	1.479269	0
2.279130515	1.479359	0
2.28754059	1.47945	0
2.296012963	1.479542	0
2.304548327	1.479635	0
2.313147388	1.479729	0
2.321810861	1.479823	0
2.330539474	1.479919	0
2.339333962	1.480016	0
2.348195076	1.480115	0
2.357123574	1.480214	0
2.366120229	1.480314	0
2.375185824	1.480416	0
2.384321154	1.480518	0
2.393527027	1.480622	0
2.402804264	1.480727	0
2.412153696	1.480834	0
2.421576172	1.480941	0
2.431072549	1.48105	0
2.440643701	1.48116	0
2.450290514	1.481271	0
2.460013889	1.481384	0
2.469814741	1.481498	0
2.479694	1.481613	0
2.48965261	1.48173	0
2.499691532	1.481848	0
2.509811741	1.481968	0
2.520014228	1.482089	0
2.5303	1.482211	0
2.540670082	1.482335	0
2.551125514	1.482461	0
2.561667355	1.482588	0
2.57229668	1.482716	0
2.583014583	1.482846	0
2.593822176	1.482978	0
2.604720588	1.483111	0
2.61571097	1.483247	0
2.626794492	1.483383	0
2.63797234	1.483522	0
2.649245726	1.483662	0
2.66061588	1.483804	0
2.672084052	1.483948	0
2.683651515	1.484094	0
2.695319565	1.484241	0
2.70708952	1.48439	0
2.718962719	1.484542	0
2.730940529	1.484695	0
2.743024336	1.484851	0
2.755215556	1.485008	0
2.767515625	1.485167	0
2.779926009	1.485329	0
2.792448198	1.485493	0
2.80508371	1.485659	0
2.817834091	1.485827	0
2.830700913	1.485997	0
2.84368578	1.48617	0
2.856790323	1.486345	0
2.870016204	1.486522	0
2.883365116	1.486702	0
2.896838785	1.486884	0
2.910438967	1.487069	0
2.924167453	1.487256	0
2.938026066	1.487446	0
2.952016667	1.487638	0
2.966141148	1.487833	0
2.980401442	1.488031	0
2.994799517	1.488231	0
3.009337379	1.488435	0
3.024017073	1.488641	0
3.038840686	1.48885	0
3.053810345	1.489062	0
3.068928218	1.489276	0
3.084196517	1.489494	0.000001
3.0996175	1.489714	0.000001
3.115193467	1.489938	0.000002
3.130926768	1.490165	0.000003
3.146819797	1.490396	0.000005
3.162875	1.490629	0.000007
3.179094872	1.490867	0.000009
3.195481959	1.491108	0.000011
3.21203886	1.491353	0.000014
3.228768229	1.491601	0.000016
3.245672775	1.491854	0.00002
3.262755263	1.49211	0.000023
3.280018519	1.49237	0.000027
3.297465426	1.492635	0.000031
3.31509893	1.492904	0.000036
3.332922043	1.493177	0.00004
3.350937838	1.493455	0.000045
3.369149457	1.493738	0.000051
3.387560109	1.494025	0.000057
3.406173077	1.494316	0.000063
3.424991713	1.494613	0.000069
3.444019444	1.494915	0.000076
3.463259777	1.495222	0.000083
3.482716292	1.495534	0.000091
3.502392655	1.495852	0.000099
3.522292614	1.496175	0.000107
3.54242	1.496504	0.000116
3.562778736	1.496838	0.000125
3.583372832	1.497179	0.000135
3.604206395	1.497525	0.000144
3.625283626	1.497878	0.000155
3.646608824	1.498238	0.000166
3.668186391	1.498603	0.000177
3.690020833	1.498976	0.000188
3.712116766	1.499355	0.0002
3.734478916	1.499742	0.000213
3.757112121	1.500135	0.000226
3.780021341	1.500536	0.00024
3.803211656	1.500945	0.000253
3.826688272	1.501361	0.000268
3.850456522	1.501786	0.000283
3.874521875	1.502219	0.000298
3.898889937	1.50266	0.000314
3.923566456	1.503109	0.000331
3.948557325	1.503568	0.000348
3.97386859	1.504035	0.000365
3.999506452	1.504512	0.000383
4.025477273	1.504999	0.000402
4.051787582	1.505495	0.000421
4.078444079	1.506002	0.000441
4.105453642	1.506518	0.000462
4.132823333	1.507046	0.000483
4.160560403	1.507584	0.000505
4.188672297	1.508134	0.000527
4.217166667	1.508695	0.00055
4.24605137	1.509268	0.000574
4.275334483	1.509854	0.000598
4.305024306	1.510452	0.000623
4.335129371	1.511063	0.000649
4.365658451	1.511687	0.000675
4.396620567	1.512325	0.000702
4.428025	1.512977	0.00073
4.459881295	1.513643	0.000759
4.492199275	1.514325	0.000789
4.524989051	1.515021	0.000819
4.558261029	1.515734	0.00085
4.592025926	1.516463	0.000882
4.626294776	1.517209	0.000915
4.661078947	1.517972	0.000949
4.696390152	1.518753	0.000983
4.732240458	1.519552	0.001019
4.768642308	1.52037	0.001055
4.805608527	1.521208	0.001093
4.843152344	1.522066	0.001131
4.881287402	1.522945	0.001171
