%% Bodurov 2016
%ev	%n
1.115873459	2.415915445
1.118188131	2.416054972
1.120512427	2.416195401
1.122846405	2.41633674
1.125190126	2.416478997
1.127543652	2.416622179
1.129907045	2.416766296
1.132280365	2.416911355
1.134663677	2.417057365
1.137057043	2.417204334
1.139460528	2.41735227
1.141874194	2.417501182
1.144298108	2.417651079
1.146732334	2.41780197
1.149176939	2.417953863
1.15163199	2.418106767
1.154097552	2.418260692
1.156573694	2.418415646
1.159060484	2.41857164
1.161557991	2.418728682
1.164066285	2.418886781
1.166585435	2.419045948
1.169115512	2.419206192
1.171656587	2.419367524
1.174208732	2.419529952
1.17677202	2.419693487
1.179346523	2.41985814
1.181932316	2.420023919
1.184529474	2.420190837
1.18713807	2.420358904
1.189758181	2.420528129
1.192389883	2.420698524
1.195033253	2.4208701
1.197688369	2.421042868
1.20035531	2.421216839
1.203034155	2.421392025
1.205724983	2.421568436
1.208427875	2.421746084
1.211142913	2.421924982
1.213870178	2.42210514
1.216609754	2.422286572
1.219361723	2.422469288
1.222126171	2.422653302
1.224903181	2.422838625
1.227692841	2.423025271
1.230495236	2.423213253
1.233310455	2.423402582
1.236138584	2.423593272
1.238979714	2.423785336
1.241833934	2.423978788
1.244701335	2.424173642
1.247582008	2.42436991
1.250476046	2.424567607
1.253383542	2.424766747
1.25630459	2.424967344
1.259239285	2.425169413
1.262187723	2.425372967
1.26515	2.425578022
1.268126215	2.425784594
1.271116465	2.425992696
1.274120851	2.426202344
1.277139473	2.426413554
1.280172432	2.426626342
1.28321983	2.426840723
1.286281772	2.427056713
1.289358361	2.42727433
1.292449703	2.427493589
1.295555904	2.427714507
1.298677071	2.427937102
1.301813314	2.428161389
1.304964741	2.428387388
1.308131462	2.428615115
1.311313591	2.428844589
1.314511238	2.429075826
1.317724519	2.429308847
1.320953548	2.429543669
1.324198441	2.429780311
1.327459315	2.430018793
1.330736289	2.430259133
1.334029481	2.430501352
1.337339014	2.430745468
1.340665009	2.430991503
1.344007588	2.431239477
1.347366877	2.43148941
1.350743	2.431741323
1.354136086	2.431995237
1.357546261	2.432251175
1.360973655	2.432509158
1.3644184	2.432769207
1.367880627	2.433031346
1.371360469	2.433295597
1.374858062	2.433561983
1.378373541	2.433830528
1.381907044	2.434101255
1.38545871	2.434374188
1.38902868	2.434649352
1.392617095	2.434926772
1.396224099	2.435206471
1.399849836	2.435488476
1.403494453	2.435772813
1.407158098	2.436059508
1.410840919	2.436348586
1.414543069	2.436640076
1.418264699	2.436934003
1.422005964	2.437230397
1.425767019	2.437529285
1.429548023	2.437830695
1.433349133	2.438134656
1.437170511	2.438441197
1.44101232	2.438750349
1.444874723	2.439062142
1.448757887	2.439376605
1.45266198	2.43969377
1.456587171	2.440013669
1.460533632	2.440336333
1.464501536	2.440661795
1.468491058	2.440990087
1.472502375	2.441321244
1.476535668	2.441655299
1.480591115	2.441992287
1.484668902	2.442332242
1.488769212	2.4426752
1.492892234	2.443021197
1.497038155	2.443370269
1.501207168	2.443722454
1.505399466	2.44407779
1.509615244	2.444436314
1.513854701	2.444798065
1.518118036	2.445163084
1.522405452	2.445531409
1.526717153	2.445903082
1.531053347	2.446278144
1.535414241	2.446656637
1.53980005	2.447038604
1.544210985	2.447424088
1.548647265	2.447813133
1.553109107	2.448205783
1.557596734	2.448602085
1.562110369	2.449002084
1.56665024	2.449405828
1.571216576	2.449813363
1.575809609	2.450224739
1.580429573	2.450640004
1.585076707	2.451059209
1.58975125	2.451482404
1.594453447	2.451909642
1.599183542	2.452340974
1.603941785	2.452776454
1.608728429	2.453216137
1.613543727	2.453660077
1.618387939	2.454108331
1.623261325	2.454560956
1.62816415	2.45501801
1.633096681	2.455479551
1.638059189	2.455945641
1.643051948	2.456416339
1.648075236	2.456891708
1.653129333	2.457371812
1.658214525	2.457856714
1.663331097	2.45834648
1.668479343	2.458841176
1.673659557	2.45934087
1.678872038	2.459845631
1.684117088	2.460355528
1.689395013	2.460870634
1.694706124	2.46139102
1.700050734	2.461916761
1.705429161	2.462447932
1.710841728	2.462984609
1.71628876	2.46352687
1.721770587	2.464074795
1.727287545	2.464628463
1.732839972	2.465187959
1.738428211	2.465753364
1.744052609	2.466324764
1.74971352	2.466902247
1.755411298	2.4674859
1.761146307	2.468075814
1.766918911	2.468672081
1.772729482	2.469274793
1.778578396	2.469884047
1.784466033	2.470499939
1.79039278	2.471122568
1.796359026	2.471752035
1.802365169	2.472388442
1.80841161	2.473031895
1.814498756	2.4736825
1.820627019	2.474340365
1.826796817	2.475005602
1.833008575	2.475678324
1.839262721	2.476358646
1.84555969	2.477046685
1.851899925	2.477742562
1.858283873	2.478446399
1.864711987	2.479158319
1.871184727	2.479878452
1.877702559	2.480606926
1.884265957	2.481343874
1.8908754	2.482089431
1.897531374	2.482843735
1.904234373	2.483606926
1.910984895	2.484379149
1.917783449	2.48516055
1.92463055	2.485951278
1.931526718	2.486751486
1.938472483	2.487561331
1.945468382	2.488380971
1.952514961	2.48921057
1.959612771	2.490050294
1.966762373	2.490900311
1.973964337	2.491760796
1.981219239	2.492631926
1.988527666	2.493513882
1.995890212	2.494406849
2.003307481	2.495311015
2.010780084	2.496226575
2.018308644	2.497153725
2.025893791	2.498092667
2.033536165	2.499043608
2.041236418	2.500006759
2.048995207	2.500982335
2.056813205	2.501970558
2.064691091	2.502971654
2.072629555	2.503985853
2.0806293	2.505013391
2.088691038	2.506054511
2.096815491	2.50710946
2.105003396	2.508178492
2.113255497	2.509261865
2.121572553	2.510359846
2.129955334	2.511472706
2.138404622	2.512600723
2.146921212	2.513744182
2.155505911	2.514903376
2.164159539	2.516078604
2.17288293	2.517270172
2.181676931	2.518478394
2.190542403	2.519703592
2.19948022	2.520946095
2.208491272	2.522206243
2.217576462	2.523484381
2.22673671	2.524780866
2.235972949	2.526096062
2.245286128	2.527430342
2.254677214	2.528784092
2.264147188	2.530157703
2.273697047	2.531551581
2.283327808	2.532966139
2.293040503	2.534401804
2.302836181	2.535859013
2.312715911	2.537338213
2.322680779	2.538839867
2.332731891	2.540364447
2.34287037	2.541912439
2.353097362	2.543484344
2.36341403	2.545080675
2.373821558	2.546701959
2.384321154	2.548348739
2.394914043	2.550021574
2.405601475	2.551721037
2.41638472	2.553447719
2.427265074	2.555202226
2.438243854	2.556985184
2.449322402	2.558797236
2.460502084	2.560639044
2.47178429	2.56251129
2.483170439	2.564414675
2.494661972	2.566349924
2.50626036	2.568317781
2.5179671	2.570319014
2.529783718	2.572354414
2.541711767	2.574424798
2.553752832	2.576531006
2.565908526	2.578673906
2.578180495	2.580854394
2.590570414	2.583073392
2.603079992	2.585331855
2.61571097	2.587630766
2.628465126	2.589971141
2.641344269	2.592354031
2.654350246	2.59478052
2.66748494	2.597251728
2.68075027	2.599768813
2.694148196	2.602332974
2.707680716	2.604945449
2.721349868	2.607607519
2.735157732	2.61032051
2.74910643	2.613085794
2.763198128	2.615904794
2.777435036	2.618778979
2.79181941	2.621709876
2.806353554	2.624699063
2.821039818	2.627748179
2.835880604	2.630858922
2.850878363	2.634033054
2.866035599	2.637272403
2.881354869	2.640578867
2.896838785	2.643954415
2.912490016	2.647401095
2.92831129	2.650921032
2.944305391	2.654516437
2.952016667	2.656263324
2.960475167	2.658189609
2.976823529	2.661942937
2.993353452	2.665778911
3.010067978	2.669700119
3.026970215	2.67370926
3.044063344	2.677809144
3.061350617	2.682002699
3.0996175	2.691457132
