%% M. R. Querry. Optical constants (1985)

0.282682855	1.738	0.032
0.283925758	1.739	0.032
0.285166521	1.738	0.032
0.286404943	1.74	0.032
0.287647496	1.741	0.032
0.288887413	1.739	0.033
0.290124488	1.738	0.032
0.291365356	1.739	0.032
0.292603073	1.741	0.031
0.293844385	1.742	0.032
0.295082229	1.741	0.031
0.296323463	1.744	0.033
0.2975609	1.741	0.032
0.298801513	1.742	0.032
0.300045254	1.744	0.032
0.301284749	1.744	0.033
0.302519764	1.743	0.033
0.303764945	1.743	0.033
0.305005412	1.742	0.033
0.306240923	1.742	0.032
0.307478858	1.744	0.032
0.308719155	1.745	0.033
0.30996175	1.743	0.034
0.311198765	1.742	0.033
0.31243782	1.744	0.033
0.313678844	1.744	0.033
0.314921768	1.745	0.034
0.316158456	1.745	0.034
0.317396769	1.744	0.034
0.318636632	1.742	0.034
0.319877967	1.74	0.034
0.321120694	1.742	0.033
0.322356352	1.745	0.034
0.323601556	1.743	0.034
0.324839394	1.74	0.034
0.326078163	1.743	0.033
0.327317775	1.744	0.034
0.328558141	1.742	0.034
0.32979917	1.741	0.035
0.331040771	1.74	0.034
0.33228285	1.743	0.034
0.333516342	1.74	0.035
0.334759025	1.739	0.034
0.336001897	1.74	0.034
0.337235686	1.741	0.034
0.338478569	1.74	0.035
0.339721339	1.739	0.033
0.340954515	1.743	0.034
0.342196677	1.74	0.034
0.343438409	1.741	0.034
0.344679603	1.737	0.034
0.34592015	1.74	0.033
0.347159937	1.741	0.035
0.348398854	1.736	0.034
0.349636784	1.738	0.033
0.350873613	1.74	0.035
0.352119224	1.736	0.035
0.353353568	1.734	0.034
0.354596597	1.732	0.033
0.355838188	1.734	0.033
0.357078221	1.736	0.033
0.358316571	1.737	0.033
0.359553113	1.734	0.033
0.360798219	1.735	0.033
0.362030835	1.731	0.033
0.363271902	1.731	0.032
0.36451079	1.732	0.032
0.365758157	1.735	0.032
0.366992363	1.735	0.032
0.368234927	1.735	0.032
0.369474923	1.733	0.032
0.370712214	1.734	0.031
0.37195782	1.736	0.032
0.373189357	1.738	0.032
0.374429076	1.737	0.033
0.37567706	1.733	0.032
0.376910473	1.735	0.032
0.378152011	1.736	0.032
0.379390147	1.735	0.033
0.380636417	1.733	0.033
0.381867377	1.73	0.032
0.383118163	1.733	0.032
0.384353339	1.733	0.033
0.385596504	1.729	0.032
0.386835668	1.729	0.031
0.388070675	1.732	0.032
0.389313593	1.73	0.032
0.390552196	1.728	0.031
0.391786324	1.73	0.031
0.393028276	1.731	0.032
0.39426559	1.729	0.032
0.395510718	1.728	0.031
0.39675104	1.727	0.031
0.39798639	1.728	0.031
0.399229456	1.726	0.032
0.400467377	1.726	0.031
0.401712999	1.725	0.032
0.402953297	1.722	0.03
0.404188101	1.724	0.03
0.405430496	1.726	0.03
0.406667213	1.722	0.03
0.407911499	1.725	0.03
0.409149919	1.721	0.03
0.410395882	1.723	0.029
0.41163579	1.724	0.03
0.412869464	1.721	0.029
0.414110554	1.723	0.029
0.415345215	1.721	0.03
0.416587259	1.717	0.029
0.417822673	1.717	0.028
0.419065436	1.718	0.028
0.420301366	1.717	0.027
0.421544608	1.718	0.027
0.422780809	1.719	0.027
0.424024282	1.717	0.027
0.425260504	1.716	0.026
0.426503956	1.716	0.025
0.427739943	1.721	0.025
0.428983115	1.72	0.025
0.430233535	1.719	0.025
0.431461233	1.719	0.025
0.43271106	1.72	0.025
0.433952959	1.72	0.024
0.435186732	1.72	0.024
0.436427541	1.721	0.024
0.437659995	1.721	0.024
0.43889943	1.721	0.024
0.440145905	1.719	0.023
0.441383766	1.722	0.022
0.44262861	1.726	0.022
0.443864605	1.725	0.023
0.445107521	1.723	0.022
0.446341349	1.726	0.022
0.447582037	1.726	0.022
0.448829641	1.73	0.021
0.450067882	1.731	0.022
0.451296546	1.732	0.022
0.452548454	1.733	0.022
0.453790718	1.732	0.022
0.455023121	1.735	0.022
0.456262236	1.734	0.023
0.457508118	1.734	0.022
0.458743849	1.735	0.021
0.459986273	1.739	0.021
0.461218287	1.745	0.022
0.462456919	1.747	0.023
0.463702222	1.748	0.024
0.464936813	1.744	0.025
0.466177997	1.742	0.024
0.467425825	1.746	0.024
0.468662635	1.745	0.025
0.469906007	1.746	0.024
0.471138091	1.748	0.025
0.472376653	1.747	0.025
0.473621743	1.746	0.026
0.474855228	1.743	0.026
0.476095154	1.747	0.026
0.477341572	1.744	0.026
0.478576061	1.747	0.026
0.47981695	1.743	0.027
0.481064292	1.744	0.026
0.482299374	1.743	0.026
0.483540814	1.745	0.026
0.484788661	1.744	0.027
0.486023912	1.745	0.026
0.487265475	1.746	0.027
0.488494149	1.745	0.027
0.48974838	1.745	0.027
0.490970182	1.745	0.027
0.492217635	1.743	0.027
0.493451803	1.745	0.028
0.494692176	1.742	0.028
0.4959388	1.74	0.028
0.497930522	1.739	0.027
0.499938306	1.739	0.027
0.501962348	1.739	0.027
0.504002846	1.739	0.027
0.50606	1.738	0.027
0.508134016	1.738	0.027
0.510225103	1.738	0.027
0.512333471	1.738	0.027
0.514459336	1.738	0.027
0.516602917	1.737	0.027
0.518764435	1.737	0.027
0.520944118	1.736	0.027
0.523142194	1.736	0.027
0.525358898	1.736	0.027
0.527594468	1.736	0.027
0.529849145	1.736	0.027
0.532123176	1.735	0.027
0.53441681	1.735	0.027
0.536730303	1.735	0.027
0.539063913	1.735	0.027
0.541417904	1.734	0.027
0.543792544	1.734	0.026
0.546188106	1.734	0.026
0.548604867	1.734	0.026
0.551043111	1.734	0.026
0.553503125	1.734	0.026
0.555985202	1.733	0.026
0.55848964	1.733	0.026
0.561016742	1.733	0.026
0.563566818	1.733	0.026
0.566140183	1.733	0.026
0.568737156	1.733	0.026
0.571358065	1.732	0.026
0.574003241	1.732	0.026
0.576673023	1.732	0.026
0.579367757	1.732	0.026
0.582087793	1.731	0.026
0.584833491	1.731	0.026
0.587605213	1.73	0.026
0.590403333	1.73	0.026
0.59322823	1.731	0.026
0.596080288	1.73	0.026
0.598959903	1.73	0.026
0.601867476	1.73	0.026
0.604803415	1.73	0.026
0.607768137	1.729	0.026
0.610762069	1.729	0.026
0.613785644	1.728	0.026
0.616839303	1.728	0.025
0.6199235	1.728	0.025
0.623038693	1.728	0.025
0.626185354	1.728	0.025
0.629363959	1.728	0.025
0.632575	1.728	0.025
0.635818974	1.728	0.025
0.639096392	1.727	0.025
0.642407772	1.726	0.025
0.645753646	1.726	0.025
0.649134555	1.725	0.025
0.652551053	1.725	0.025
0.656003704	1.724	0.025
0.659493085	1.723	0.025
0.663019786	1.722	0.025
0.666584409	1.722	0.024
0.670187568	1.724	0.024
0.673829891	1.725	0.025
0.677512022	1.723	0.025
0.681234615	1.721	0.025
0.684998343	1.72	0.024
0.688803889	1.722	0.024
0.692651955	1.723	0.024
0.696543258	1.722	0.024
0.700478531	1.722	0.024
0.704458523	1.721	0.024
0.708484	1.721	0.024
0.712555747	1.72	0.024
0.716674566	1.72	0.024
0.720841279	1.719	0.024
0.725056725	1.718	0.024
0.729321765	1.718	0.024
0.733637278	1.717	0.024
0.738004167	1.717	0.024
0.742423353	1.717	0.024
0.746895783	1.717	0.024
0.751422424	1.716	0.024
0.756004268	1.716	0.024
0.760642331	1.715	0.024
0.765337654	1.714	0.024
0.770091304	1.714	0.024
0.774904375	1.714	0.024
0.779777987	1.712	0.024
0.784713291	1.712	0.023
0.789711465	1.713	0.023
0.794773718	1.713	0.023
0.79990129	1.712	0.023
0.805095455	1.709	0.023
0.810357516	1.709	0.023
0.815688816	1.711	0.023
0.821090728	1.71	0.023
0.826564667	1.709	0.023
0.832112081	1.709	0.023
0.837734459	1.708	0.023
0.843433333	1.708	0.023
0.849210274	1.707	0.023
0.855066897	1.707	0.023
0.861004861	1.706	0.023
0.867025874	1.705	0.023
0.87313169	1.704	0.022
0.879324113	1.704	0.022
0.885605	1.703	0.022
0.891976259	1.702	0.022
0.898439855	1.702	0.022
0.90499781	1.701	0.022
0.911652206	1.701	0.022
0.918405185	1.7	0.022
0.925258955	1.699	0.022
0.932215789	1.698	0.022
0.93927803	1.697	0.022
0.946448092	1.697	0.022
0.953728462	1.696	0.022
0.961121705	1.695	0.022
0.968630469	1.695	0.022
0.97625748	1.694	0.022
0.984005556	1.693	0.021
0.9918776	1.692	0.021
0.999876613	1.691	0.021
1.008005691	1.69	0.021
1.016268033	1.689	0.021
1.024666942	1.688	0.021
1.033205833	1.687	0.021
1.041888235	1.685	0.021
1.050717797	1.684	0.021
1.059698291	1.683	0.021
1.068833621	1.682	0.021
1.078127826	1.681	0.021
1.087585088	1.68	0.021
1.097209735	1.678	0.021
1.10700625	1.675	0.02
1.116979279	1.673	0.02
1.127133636	1.672	0.02
1.137474312	1.671	0.02
1.148006481	1.669	0.02
1.158735514	1.668	0.02
1.169666981	1.666	0.019
1.180806667	1.664	0.019
1.192160577	1.663	0.019
1.203734951	1.662	0.019
1.215536275	1.659	0.019
1.227571287	1.658	0.019
1.239847	1.656	0.019
1.252370707	1.654	0.018
1.26515	1.652	0.018
1.278192784	1.65	0.018
1.291507292	1.648	0.018
1.305102105	1.646	0.018
1.31898617	1.643	0.018
1.333168817	1.641	0.017
1.347659783	1.638	0.017
1.362469231	1.636	0.017
1.377607778	1.633	0.017
1.393086517	1.63	0.017
1.408917045	1.627	0.016
1.425111494	1.624	0.016
1.441682558	1.622	0.016
1.458643529	1.619	0.015
1.476008333	1.617	0.015
1.493791566	1.616	0.015
1.512008537	1.614	0.014
1.530675309	1.612	0.014
1.54980875	1.612	0.014
1.569426582	1.61	0.014
1.589547436	1.609	0.014
1.610190909	1.608	0.013
1.631377632	1.606	0.013
1.653129333	1.604	0.013
1.675468919	1.602	0.013
1.698420548	1.601	0.012
1.722009722	1.599	0.012
1.74626338	1.597	0.012
1.77121	1.596	0.012
1.79687971	1.594	0.012
1.823304412	1.592	0.011
1.85051791	1.59	0.011
1.878556061	1.588	0.011
1.907456923	1.587	0.011
1.937260938	1.586	0.011
1.968011111	1.584	0.01
1.999753226	1.583	0.01
2.032536066	1.581	0.01
2.066411667	1.579	0.01
2.101435593	1.577	0.01
2.137667241	1.575	0.01
2.175170175	1.573	0.009
2.2140125	1.571	0.009
2.254267273	1.57	0.009
2.295162903	1.568	0.009
2.339333962	1.566	0.009
2.384321154	1.563	0.008
2.431072549	1.561	0.008
2.479694	1.56	0.008
2.5303	1.559	0.008
2.583014583	1.556	0.008
2.63797234	1.553	0.007
2.695319565	1.55	0.007
2.755215556	1.548	0.007
2.817834091	1.547	0.007
2.883365116	1.546	0.006
2.952016667	1.547	0.006
3.024017073	1.55	0.006
3.0996175	1.557	0.006
3.179094872	1.572	0.006
3.262755263	1.614	0.006
3.350937838	1.627	0.009
3.444019444	1.565	0.01
3.54242	1.523	0.008
3.646608824	1.508	0.007
3.757112121	1.499	0.007
3.874521875	1.486	0.006
3.999506452	1.476	0.006
4.132823333	1.469	0.005
4.275334483	1.459	0.005
4.428025	1.451	0.005
4.592025926	1.444	0.004
4.768642308	1.436	0.004
4.959388	1.43	0.004
5.166029167	1.425	0.003
5.39063913	1.421	0.003
5.635668182	1.418	0.003
5.904033333	1.417	0.003
